10000 20000 1 1
1 2
3 1
4 2
5 1
6 1
7 5
8 3
9 1
10 2
11 1
12 2
13 5
14 10
15 3
16 11
17 1
18 17
19 11
20 18
21 1
22 17
23 13
24 3
25 17
26 1
27 23
28 20
29 17
30 26
31 11
32 15
33 1
34 2
35 17
36 31
37 29
38 27
39 37
40 23
41 1
42 17
43 17
44 18
45 13
46 11
47 3
48 28
49 17
50 17
51 1
52 17
53 49
54 25
55 47
56 46
57 17
58 56
59 55
60 16
61 41
62 17
63 15
64 38
65 1
66 36
67 35
68 22
69 17
70 26
71 31
72 51
73 65
74 2
75 27
76 26
77 37
78 24
79 23
80 63
81 1
82 74
83 17
84 24
85 17
86 51
87 61
88 26
89 57
90 46
91 11
92 10
93 49
94 77
95 75
96 56
97 65
98 82
99 17
100 2
101 1
102 2
103 17
104 82
105 49
106 101
107 25
108 48
109 101
110 22
111 101
112 101
113 17
114 86
115 113
116 26
117 113
118 101
119 75
120 17
121 41
122 35
123 17
124 17
125 77
126 1
127 101
128 74
129 1
130 104
131 101
132 103
133 101
134 94
135 89
136 101
137 17
138 2
139 95
140 65
141 101
142 122
143 51
144 101
145 65
146 26
147 75
148 17
149 101
150 141
151 101
152 100
153 113
154 119
155 101
156 46
157 101
158 107
159 63
160 131
161 1
162 3
163 155
164 153
165 17
166 101
167 107
168 67
169 17
170 166
171 51
172 56
173 61
174 119
175 113
176 101
177 145
178 134
179 135
180 40
181 101
182 35
183 101
184 17
185 49
186 101
187 77
188 68
189 169
190 101
191 151
192 41
193 65
194 139
195 179
196 101
197 17
198 43
199 101
200 113
201 1
202 89
203 103
204 171
205 17
206 181
207 185
208 164
209 49
210 189
211 101
212 138
213 25
214 122
215 155
216 61
217 209
218 108
219 131
220 2
221 101
222 153
223 101
224 111
225 129
226 101
227 199
228 145
229 113
230 52
231 141
232 101
233 113
234 129
235 101
236 216
237 193
238 221
239 17
240 11
241 161
242 184
243 35
244 155
245 17
246 66
247 17
248 75
249 201
250 107
251 1
252 95
253 101
254 233
255 201
256 221
257 1
258 16
259 233
260 101
261 101
262 200
263 103
264 37
265 233
266 131
267 227
268 224
269 89
270 58
271 101
272 188
273 17
274 101
275 139
276 101
277 233
278 231
279 65
280 263
281 241
282 250
283 263
284 253
285 193
286 56
287 101
288 17
289 65
290 221
291 171
292 179
293 221
294 273
295 17
296 16
297 249
298 101
299 141
300 49
301 101
302 276
303 251
304 2
305 113
306 261
307 119
308 277
309 101
310 185
311 201
312 128
313 257
314 257
315 107
316 101
317 221
318 132
319 131
320 200
321 1
322 155
323 3
324 170
325 317
326 101
327 153
328 131
329 17
330 122
331 101
332 267
333 273
334 101
335 67
336 156
337 17
338 306
339 335
340 86
341 221
342 46
343 227
344 66
345 233
346 26
347 119
348 153
349 113
350 333
351 101
352 101
353 321
354 43
355 311
356 51
357 313
358 17
359 219
360 192
361 281
362 113
363 35
364 35
365 101
366 221
367 17
368 208
369 49
370 263
371 101
372 290
373 77
374 193
375 255
376 251
377 169
378 374
379 101
380 93
381 341
382 74
383 41
384 233
385 257
386 101
387 139
388 362
389 373
390 160
391 101
392 187
393 17
394 365
395 43
396 221
397 101
398 68
399 113
400 227
401 1
402 225
403 89
404 387
405 305
406 236
407 171
408 101
409 17
410 319
411 181
412 2
413 185
414 311
415 371
416 356
417 257
418 65
419 189
420 204
421 101
422 292
423 349
424 263
425 25
426 51
427 335
428 17
429 369
430 101
431 61
432 243
433 209
434 383
435 325
436 26
437 349
438 417
439 221
440 191
441 321
442 164
443 153
444 282
445 101
446 46
447 111
448 290
449 129
450 68
451 101
452 222
453 425
454 251
455 145
456 101
457 113
458 175
459 281
460 425
461 141
462 342
463 101
464 335
465 113
466 356
467 129
468 357
469 101
470 290
471 451
472 107
473 193
474 233
475 221
476 151
477 17
478 290
479 11
480 129
481 161
482 101
483 425
484 164
485 277
486 276
487 155
488 395
489 17
490 479
491 311
492 486
493 17
494 374
495 75
496 101
497 449
498 122
499 107
500 401
501 1
502 401
503 95
504 80
505 353
506 406
507 233
508 335
509 201
510 334
511 221
512 367
513 257
514 398
515 273
516 391
517 233
518 310
519 101
520 119
521 361
522 303
523 461
524 309
525 365
526 101
527 37
528 170
529 497
530 486
531 131
532 488
533 493
534 140
535 491
536 476
537 89
538 398
539 327
540 409
541 101
542 479
543 459
544 35
545 289
546 131
547 101
548 196
549 413
550 200
551 101
552 113
553 233
554 458
555 231
556 101
557 65
558 120
559 263
560 491
561 241
562 68
563 531
564 504
565 545
566 86
567 253
568 479
569 193
570 527
571 341
572 200
573 101
574 41
575 17
576 26
577 65
578 131
579 221
580 332
581 461
582 24
583 179
584 343
585 513
586 101
587 273
588 442
589 17
590 170
591 311
592 437
593 545
594 39
595 101
596 136
597 141
598 113
599 49
600 545
601 401
602 212
603 577
604 290
605 553
606 156
607 305
608 393
609 417
610 374
611 261
612 75
613 425
614 85
615 277
616 386
617 409
618 343
619 185
620 551
621 201
622 371
623 439
624 402
625 257
626 1
627 257
628 398
629 421
630 323
631 101
632 383
633 537
634 560
635 449
636 201
637 449
638 556
639 519
640 335
641 1
642 155
643 155
644 641
645 325
646 491
647 493
648 328
649 641
650 134
651 101
652 542
653 153
654 234
655 131
656 496
657 17
658 2
659 451
660 46
661 101
662 616
663 267
664 374
665 273
666 626
667 101
668 26
669 401
670 557
671 491
672 200
673 353
674 277
675 643
676 101
677 673
678 331
679 425
680 276
681 561
682 599
683 387
684 605
685 569
686 276
687 409
688 281
689 577
690 608
691 371
692 554
693 465
694 101
695 153
696 621
697 113
698 17
699 333
700 362
701 101
702 248
703 101
704 360
705 321
706 686
707 43
708 507
709 665
710 514
711 51
712 695
713 313
714 325
715 17
716 101
717 577
718 11
719 551
720 43
721 641
722 185
723 113
724 425
725 397
726 26
727 35
728 424
729 465
730 155
731 221
732 663
733 17
734 476
735 575
736 311
737 417
738 156
739 263
740 738
741 101
742 569
743 661
744 374
745 449
746 141
747 193
748 605
749 629
750 262
751 251
752 596
753 545
754 95
755 751
756 251
757 101
758 301
759 93
760 233
761 721
762 35
763 455
764 458
765 41
766 731
767 233
768 75
769 257
770 10
771 101
772 530
773 525
774 83
775 749
776 201
777 761
778 101
779 549
780 550
781 101
782 761
783 187
784 722
785 17
786 421
787 365
788 633
789 437
790 563
791 221
792 199
793 497
794 322
795 465
796 131
797 113
798 411
799 227
800 357
801 1
802 758
803 225
804 2
805 89
806 486
807 387
808 596
809 305
810 320
811 641
812 457
813 577
814 188
815 101
816 316
817 17
818 18
819 319
820 101
821 181
822 559
823 413
824 563
825 185
826 101
827 311
828 815
829 785
830 218
831 771
832 785
833 257
834 17
835 65
836 401
837 189
838 263
839 623
840 430
841 521
842 55
843 713
844 812
845 349
846 166
847 263
848 640
849 449
850 536
851 51
852 693
853 761
854 252
855 17
856 56
857 369
858 99
859 101
860 375
861 61
862 17
863 243
864 739
865 641
866 811
867 383
868 221
869 325
870 695
871 461
872 491
873 785
874 470
875 417
876 626
877 221
878 76
879 191
880 566
881 321
882 334
883 605
884 251
885 153
886 311
887 725
888 508
889 545
890 836
891 491
892 398
893 557
894 75
895 737
896 756
897 129
898 647
899 517
900 635
901 101
902 714
903 673
904 878
905 425
906 216
907 251
908 530
909 145
910 2
911 101
912 442
913 113
914 24
915 175
916 566
917 281
918 234
919 425
920 854
921 601
922 584
923 803
924 335
925 101
926 101
927 335
928 803
929 577
930 583
931 821
932 360
933 129
934 128
935 357
936 816
937 569
938 550
939 759
940 257
941 921
942 872
943 107
944 509
945 193
946 101
947 233
948 589
949 221
950 75
951 151
952 449
953 17
954 758
955 767
956 41
957 489
958 200
959 129
960 276
961 641
962 263
963 101
964 155
965 425
966 911
967 647
968 597
969 761
970 170
971 761
972 595
973 641
974 899
975 395
976 101
977 17
978 143
979 479
980 46
981 801
982 785
983 977
984 394
985 17
986 831
987 867
988 122
989 569
990 233
991 101
992 173
993 449
994 929
995 619
996 511
997 605
998 901
999 401
1000 101
1001 1
1002 101
1003 401
1004 901
1005 597
1006 491
1007 583
1008 873
1009 353
1010 29
1011 911
1012 980
1013 233
1014 693
1015 335
1016 171
1017 201
1018 425
1019 843
1020 436
1021 221
1022 198
1023 367
1024 728
1025 257
1026 1001
1027 911
1028 1011
1029 273
1030 752
1031 391
1032 218
1033 233
1034 436
1035 827
1036 371
1037 101
1038 17
1039 119
1040 407
1041 881
1042 500
1043 303
1044 290
1045 461
1046 816
1047 309
1048 1031
1049 889
1050 929
1051 101
1052 504
1053 37
1054 803
1055 697
1056 771
1057 1025
1058 402
1059 1015
1060 749
1061 661
1062 751
1063 1019
1064 402
1065 1025
1066 761
1067 673
1068 761
1069 1025
1070 396
1071 1011
1072 731
1073 625
1074 693
1075 935
1076 276
1077 865
1078 551
1079 409
1080 439
1081 641
1082 1015
1083 479
1084 113
1085 1001
1086 976
1087 35
1088 349
1089 833
1090 398
1091 131
1092 32
1093 101
1094 338
1095 743
1096 221
1097 961
1098 772
1099 749
1100 892
1101 101
1102 575
1103 113
1104 918
1105 785
1106 816
1107 1011
1108 263
1109 785
1110 362
1111 101
1112 2
1113 65
1114 290
1115 677
1116 111
1117 821
1118 576
1119 491
1120 566
1121 801
1122 75
1123 629
1124 220
1125 1093
1126 1001
1127 1067
1128 164
1129 545
1130 1084
1131 651
1132 374
1133 253
1134 288
1135 479
1136 826
1137 193
1138 851
1139 527
1140 357
1141 341
1142 479
1143 771
1144 74
1145 673
1146 281
1147 41
1148 1100
1149 17
1150 233
1151 601
1152 1121
1153 641
1154 311
1155 131
1156 101
1157 221
1158 491
1159 911
1160 322
1161 1041
1162 749
1163 605
1164 609
1165 761
1166 1061
1167 343
1168 938
1169 513
1170 234
1171 101
1172 114
1173 273
1174 578
1175 1029
1176 451
1177 17
1178 904
1179 759
1180 758
1181 901
1182 7
1183 437
1184 1011
1185 545
1186 221
1187 39
1188 1186
1189 101
1190 345
1191 731
1192 68
1193 737
1194 355
1195 113
1196 11
1197 49
1198 227
1199 545
1200 1003
1201 401
1202 1138
1203 813
1204 626
1205 577
1206 666
1207 893
1208 51
1209 553
1210 1193
1211 761
1212 465
1213 305
1214 281
1215 393
1216 641
1217 1025
1218 328
1219 983
1220 555
1221 261
1222 101
1223 75
1224 183
1225 425
1226 801
1227 85
1228 728
1229 277
1230 1187
1231 1001
1232 947
1233 1025
1234 2
1235 343
1236 816
1237 185
1238 921
1239 551
1240 311
1241 201
1242 221
1243 371
1244 651
1245 1061
1246 356
1247 1025
1248 577
1249 257
1250 65
1251 1
1252 65
1253 257
1254 577
1255 1025
1256 346
1257 1049
1258 623
1259 323
1260 149
1261 101
1262 179
1263 383
1264 713
1265 1169
1266 486
1267 1193
1268 759
1269 449
1270 263
1271 201
1272 263
1273 449
1274 759
1275 1193
1276 476
1277 1157
1278 685
1279 335
1280 107
1281 1
1282 17
1283 155
1284 415
1285 797
1286 16
1287 641
1288 101
1289 969
1290 670
1291 491
1292 432
1293 493
1294 674
1295 975
1296 101
1297 641
1298 4
1299 783
1300 383
1301 101
1302 1238
1303 1193
1304 1266
1305 153
1306 461
1307 887
1308 124
1309 785
1310 255
1311 1151
1312 854
1313 673
1314 608
1315 659
1316 826
1317 1109
1318 191
1319 705
1320 16
1321 761
1322 301
1323 1277
1324 1046
1325 929
1326 926
1327 1037
1328 1262
1329 273
1330 725
1331 1291
1332 640
1333 101
1334 1007
1335 693
1336 491
1337 401
1338 423
1339 557
1340 803
1341 1161
1342 290
1343 871
1344 221
1345 1025
1346 596
1347 277
1348 68
1349 1317
1350 1329
1351 101
1352 332
1353 673
1354 1124
1355 331
1356 1001
1357 425
1358 1314
1359 955
1360 704
1361 561
1362 526
1363 599
1364 780
1365 1069
1366 101
1367 605
1368 1217
1369 569
1370 27
1371 961
1372 632
1373 409
1374 292
1375 281
1376 376
1377 577
1378 884
1379 1297
1380 437
1381 1061
1382 410
1383 1245
1384 803
1385 465
1386 231
1387 101
1388 75
1389 153
1390 335
1391 621
1392 1011
1393 113
1394 710
1395 17
1396 821
1397 333
1398 1344
1399 1061
1400 880
1401 801
1402 824
1403 949
1404 1176
1405 101
1406 531
1407 1063
1408 290
1409 1025
1410 453
1411 1391
1412 1020
1413 749
1414 578
1415 507
1416 536
1417 665
1418 894
1419 1223
1420 233
1421 761
1422 1389
1423 695
1424 99
1425 1025
1426 626
1427 325
1428 122
1429 17
1430 10
1431 101
1432 290
1433 577
1434 962
1435 11
1436 591
1437 1269
1438 608
1439 43
1440 1013
1441 641
1442 365
1443 185
1444 101
1445 113
1446 221
1447 425
1448 725
1449 1121
1450 164
1451 751
1452 1434
1453 761
1454 182
1455 1151
1456 761
1457 465
1458 263
1459 155
1460 141
1461 221
1462 395
1463 663
1464 1025
1465 17
1466 566
1467 1209
1468 479
1469 1309
1470 764
1471 311
1472 1421
1473 1153
1474 977
1475 893
1476 901
1477 1001
1478 1193
1479 1477
1480 374
1481 841
1482 1400
1483 569
1484 1311
1485 661
1486 101
1487 1117
1488 738
1489 449
1490 250
1491 141
1492 122
1493 193
1494 354
1495 605
1496 946
1497 1377
1498 401
1499 1011
1500 212
1501 1001
1502 379
1503 1347
1504 902
1505 545
1506 276
1507 95
1508 2
1509 1505
1510 80
1511 251
1512 510
1513 857
1514 1292
1515 301
1516 911
1517 93
1518 878
1519 233
1520 1193
1521 721
1522 335
1523 35
1524 1344
1525 1217
1526 1176
1527 1221
1528 1352
1529 41
1530 343
1531 731
1532 1205
1533 233
1534 878
1535 75
1536 891
1537 257
1538 1244
1539 779
1540 398
1541 101
1542 1429
1543 1301
1544 1257
1545 1297
1546 1421
1547 83
1548 374
1549 749
1550 1208
1551 201
1552 827
1553 1537
1554 778
1555 101
1556 1061
1557 549
1558 119
1559 1329
1560 1064
1561 881
1562 780
1563 761
1564 824
1565 969
1566 1196
1567 1505
1568 329
1569 801
1570 1355
1571 421
1572 1138
1573 365
1574 1245
1575 633
1576 101
1577 1225
1578 854
1579 563
1580 352
1581 221
1582 170
1583 199
1584 308
1585 497
1586 766
1587 1115
1588 1544
1589 465
1590 1053
1591 131
1592 878
1593 113
1594 1019
1595 411
1596 1476
1597 1025
1598 652
1599 357
1600 140
1601 1
1602 1541
1603 1559
1604 52
1605 225
1606 476
1607 805
1608 1212
1609 89
1610 651
1611 1291
1612 398
1613 1193
1614 453
1615 1403
1616 816
1617 305
1618 1487
1619 1129
1620 847
1621 641
1622 511
1623 457
1624 479
1625 577
1626 751
1627 1001
1628 1327
1629 101
1630 578
1631 1131
1632 129
1633 833
1634 1613
1635 835
1636 131
1637 1137
1638 582
1639 101
1640 1333
1641 1001
1642 743
1643 559
1644 449
1645 413
1646 451
1647 563
1648 749
1649 1009
1650 1343
1651 101
1652 582
1653 1137
1654 113
1655 815
1656 1591
1657 785
1658 51
1659 1047
1660 458
1661 1601
1662 1157
1663 785
1664 485
1665 257
1666 101
1667 17
1668 5
1669 65
1670 197
1671 401
1672 677
1673 1025
1674 1445
1675 263
1676 826
1677 1461
1678 491
1679 1269
1680 440
1681 1361
1682 673
1683 55
1684 1190
1685 713
1686 306
1687 1655
1688 1389
1689 1193
1690 1067
1691 1011
1692 1025
1693 1109
1694 1263
1695 1487
1696 86
1697 449
1698 882
1699 1385
1700 259
1701 901
1702 1613
1703 693
1704 1544
1705 761
1706 46
1707 1105
1708 527
1709 17
1710 1284
1711 911
1712 606
1713 369
1714 200
1715 99
1716 66
1717 101
1718 204
1719 375
1720 614
1721 921
1722 1296
1723 17
1724 527
1725 1105
1726 26
1727 739
1728 1520
1729 641
1730 1557
1731 811
1732 131
1733 1249
1734 702
1735 221
1736 1541
1737 1193
1738 911
1739 695
1740 545
1741 461
1742 443
1743 491
1744 605
1745 785
1746 1031
1747 1343
1748 1721
1749 417
1750 926
1751 1501
1752 391
1753 1097
1754 116
1755 953
1756 101
1757 1069
1758 346
1759 1445
1760 851
1761 321
1762 1616
1763 1215
1764 878
1765 605
1766 396
1767 251
1768 170
1769 153
1770 200
1771 311
1772 486
1773 725
1774 1028
1775 1395
1776 51
1777 545
1778 1103
1779 1725
1780 632
1781 1381
1782 413
1783 1289
1784 446
1785 1449
1786 731
1787 75
1788 1268
1789 737
1790 268
1791 1651
1792 1307
1793 1025
1794 805
1795 647
1796 551
1797 517
1798 545
1799 635
1800 787
1801 1001
1802 1277
1803 1615
1804 212
1805 673
1806 1196
1807 1781
1808 621
1809 1329
1810 290
1811 1121
1812 203
1813 1157
1814 360
1815 1437
1816 761
1817 145
1818 1406
1819 911
1820 476
1821 101
1822 1607
1823 1353
1824 1159
1825 1025
1826 951
1827 937
1828 983
1829 1089
1830 1255
1831 1481
1832 1767
1833 281
1834 686
1835 1151
1836 1676
1837 425
1838 1069
1839 1773
1840 698
1841 1521
1842 563
1843 1505
1844 664
1845 1725
1846 1001
1847 335
1848 1574
1849 1025
1850 534
1851 101
1852 1577
1853 1261
1854 1003
1855 803
1856 661
1857 577
1858 551
1859 583
1860 673
1861 821
1862 1027
1863 1291
1864 1613
1865 129
1866 566
1867 1061
1868 1614
1869 357
1870 1025
1871 1751
1872 664
1873 1505
1874 531
1875 1487
1876 626
1877 1697
1878 949
1879 257
1880 1500
1881 921
1882 398
1883 1813
1884 1403
1885 1049
1886 751
1887 509
1888 323
1889 193
1890 119
1891 101
1892 139
1893 233
1894 383
1895 589
1896 851
1897 1169
1898 1543
1899 75
1900 560
1901 1101
1902 1698
1903 449
1904 1157
1905 17
1906 836
1907 1711
1908 735
1909 1721
1910 854
1911 41
1912 1193
1913 489
1914 1752
1915 1157
1916 616
1917 129
1918 1613
1919 1235
1920 911
1921 641
1922 425
1923 263
1924 155
1925 101
1926 101
1927 155
1928 263
1929 425
1930 641
1931 911
1932 1235
1933 1613
1934 112
1935 597
1936 1136
1937 1729
1938 439
1939 1139
1940 1893
1941 761
1942 1622
1943 595
1944 1563
1945 641
1946 1716
1947 899
1948 134
1949 1369
1950 709
1951 101
1952 1496
1953 993
1954 542
1955 143
1956 1751
1957 1457
1958 1215
1959 1025
1960 887
1961 801
1962 767
1963 785
1964 855
1965 977
1966 1151
1967 1377
1968 1655
1969 17
1970 398
1971 831
1972 1316
1973 1853
1974 469
1975 1109
1976 1801
1977 569
1978 1364
1979 233
1980 1131
1981 101
1982 1102
1983 173
1984 1277
1985 449
1986 1656
1987 929
1988 252
1989 1613
1990 1037
1991 511
1992 35
1993 1601
1994 1226
1995 901
1996 626
1997 401
1998 226
1999 101
2000 26
2001 1
2002 26
2003 101
2004 226
2005 401
2006 626
2007 901
2008 1226
2009 1601
2010 17
2011 491
2012 1015
2013 1589
2014 200
2015 873
2016 1596
2017 353
2018 1175
2019 29
2020 950
2021 1921
2022 921
2023 1991
2024 1088
2025 233
2026 1451
2027 693
2028 2010
2029 1349
2030 736
2031 171
2032 1685
2033 1217
2034 797
2035 425
2036 101
2037 1861
2038 1634
2039 1455
2040 1324
2041 1241
2042 1206
2043 1219
2044 1280
2045 1389
2046 1546
2047 1751
2048 2004
2049 257
2050 605
2051 1001
2052 1445
2053 1937
2054 424
2055 1011
2056 1646
2057 273
2058 1003
2059 1781
2060 548
2061 1421
2062 281
2063 1249
2064 202
2065 1265
2066 311
2067 1469
2068 608
2069 1861
2070 1093
2071 371
2072 1766
2073 1137
2074 554
2075 17
2076 1601
2077 1157
2078 759
2079 407
2080 101
2081 1921
2082 1708
2083 1541
2084 1420
2085 1345
2086 1316
2087 1333
2088 1396
2089 1505
2090 1660
2091 1861
2092 17
2093 309
2094 647
2095 1031
2096 1461
2097 1937
2098 362
2099 929
2100 1542
2101 101
2102 805
2103 1555
2104 248
2105 1089
2106 1976
2107 803
2108 1781
2109 697
2110 1766
2111 771
2112 1931
2113 1025
2114 163
2115 1459
2116 686
2117 2073
2118 1389
2119 749
2120 153
2121 1721
2122 1214
2123 751
2124 332
2125 2081
2126 1751
2127 1465
2128 1223
2129 1025
2130 871
2131 761
2132 695
2133 673
2134 695
2135 761
2136 871
2137 1025
2138 1223
2139 1465
2140 1751
2141 2081
2142 314
2143 731
2144 1192
2145 1697
2146 101
2147 693
2148 1329
2149 2009
2150 584
2151 1351
2152 11
2153 865
2154 1763
2155 551
2156 1536
2157 409
2158 1481
2159 439
2160 1598
2161 641
2162 1887
2163 1015
2164 185
2165 1561
2166 816
2167 113
2168 1619
2169 1001
2170 425
2171 2061
2172 1570
2173 1121
2174 714
2175 349
2176 26
2177 1921
2178 1683
2179 1487
2180 1333
2181 1221
2182 1151
2183 1123
2184 1137
2185 1193
2186 1291
2187 1431
2188 1613
2189 1837
2190 2103
2191 221
2192 570
2193 961
2194 1394
2195 1869
2196 191
2197 749
2198 1349
2199 1991
2200 476
2201 1201
2202 1968
2203 575
2204 1425
2205 113
2206 1046
2207 2021
2208 831
2209 1889
2210 780
2211 1921
2212 893
2213 2117
2214 1170
2215 263
2216 1611
2217 785
2218 2216
2219 1471
2220 766
2221 101
2222 1697
2223 1113
2224 569
2225 65
2226 1826
2227 1403
2228 1020
2229 677
2230 374
2231 111
2232 2119
2233 1937
2234 1795
2235 1693
2236 1631
2237 1609
2238 1627
2239 1685
2240 1783
2241 1921
2242 2099
2243 75
2244 332
2245 629
2246 966
2247 1343
2248 1760
2249 2217
2250 465
2251 1001
2252 1577
2253 2193
2254 596
2255 1291
2256 2026
2257 545
2258 1359
2259 2213
2260 848
2261 1781
2262 493
2263 1505
2264 294
2265 1385
2266 251
2267 1421
2268 364
2269 1613
2270 633
2271 1961
2272 1058
2273 193
2274 1639
2275 851
2276 101
2277 1665
2278 992
2279 357
2280 2039
2281 1481
2282 961
2283 479
2284 35
2285 1913
2286 1546
2287 1217
2288 926
2289 673
2290 458
2291 281
2292 142
2293 41
2294 2271
2295 2247
2296 2261
2297 17
2298 106
2299 233
2300 398
2301 601
2302 842
2303 1121
2304 1438
2305 1793
2306 2186
2307 311
2308 779
2309 1285
2310 1829
2311 101
2312 720
2313 1377
2314 2072
2315 491
2316 1261
2317 2069
2318 598
2319 1481
2320 83
2321 1041
2322 2037
2323 749
2324 1820
2325 605
2326 1751
2327 609
2328 1830
2329 761
2330 2057
2331 1061
2332 101
2333 1509
2334 622
2335 2105
2336 1291
2337 513
2338 2108
2339 1403
2340 734
2341 101
2342 1845
2343 1285
2344 761
2345 273
2346 2166
2347 1751
2348 1372
2349 1029
2350 722
2351 451
2352 216
2353 17
2354 2207
2355 2081
2356 1991
2357 1937
2358 1919
2359 1937
2360 1991
2361 2081
2362 2207
2363 7
2364 204
2365 437
2366 706
2367 1011
2368 1352
2369 1729
2370 2142
2371 221
2372 705
2373 1225
2374 1781
2375 2373
2376 626
2377 1289
2378 1988
2379 345
2380 1115
2381 1921
2382 382
2383 1259
2384 2172
2385 737
2386 1721
2387 355
2388 1410
2389 113
2390 1239
2391 11
2392 1208
2393 49
2394 1317
2395 227
2396 1566
2397 545
2398 1955
2399 1003
2400 85
2401 1601
2402 752
2403 2339
2404 1559
2405 813
2406 101
2407 1829
2408 1186
2409 577
2410 2
2411 1871
2412 1365
2413 893
2414 455
2415 51
2416 2096
2417 1761
2418 1460
2419 1193
2420 960
2421 761
2422 596
2423 465
2424 368
2425 305
2426 276
2427 281
2428 320
2429 393
2430 500
2431 641
2432 816
2433 1025
2434 1268
2435 1545
2436 1856
2437 2201
2438 143
2439 555
2440 1001
2441 1481
2442 1995
2443 101
2444 682
2445 1297
2446 1946
2447 183
2448 899
2449 1649
2450 2433
2451 801
2452 1652
2453 85
2454 1003
2455 1955
2456 486
2457 1505
2458 101
2459 1187
2460 2307
2461 1001
2462 2188
2463 947
2464 2201
2465 1025
2466 2346
2467 1235
2468 156
2469 1577
2470 563
2471 2051
2472 1102
2473 185
2474 1773
2475 921
2476 101
2477 1789
2478 1034
2479 311
2480 2099
2481 1441
2482 815
2483 221
2484 2142
2485 1613
2486 1116
2487 651
2488 218
2489 2305
2490 1937
2491 1601
2492 1297
2493 1025
2494 785
2495 577
2496 401
2497 257
2498 145
2499 65
2500 17
2501 1
2502 17
2503 65
2504 145
2505 257
2506 401
2507 577
2508 785
2509 1025
2510 1297
2511 1601
2512 1937
2513 2305
2514 192
2515 623
2516 1086
2517 1581
2518 2108
2519 149
2520 739
2521 1361
2522 2015
2523 179
2524 896
2525 1645
2526 2426
2527 713
2528 1557
2529 2433
2530 812
2531 1751
2532 191
2533 1193
2534 2227
2535 759
2536 1856
2537 449
2538 1609
2539 263
2540 1486
2541 201
2542 1487
2543 263
2544 1612
2545 449
2546 1861
2547 759
2548 2234
2549 1193
2550 182
2551 1751
2552 801
2553 2433
2554 1544
2555 685
2556 2411
2557 1613
2558 845
2559 107
2560 1958
2561 1281
2562 634
2563 17
2564 1993
2565 1437
2566 911
2567 415
2568 2516
2569 2081
2570 1676
2571 1301
2572 956
2573 641
2574 356
2575 101
2576 2451
2577 2257
2578 2093
2579 1959
2580 1855
2581 1781
2582 1737
2583 1723
2584 1739
2585 1785
2586 1861
2587 1967
2588 2103
2589 2269
2590 2465
2591 101
2592 356
2593 641
2594 956
2595 1301
2596 1676
2597 2081
2598 2516
2599 383
2600 877
2601 1401
2602 1955
2603 2539
2604 550
2605 1193
2606 1866
2607 2569
2608 695
2609 1457
2610 2249
2611 461
2612 1312
2613 2193
2614 491
2615 1431
2616 2401
2617 785
2618 1814
2619 255
2620 1343
2621 2461
2622 988
2623 2165
2624 749
2625 1985
2626 626
2627 1921
2628 619
2629 1973
2630 728
2631 2141
2632 953
2633 2425
2634 1294
2635 191
2636 1751
2637 705
2638 2324
2639 1335
2640 374
2641 2081
2642 1177
2643 301
2644 2096
2645 1277
2646 486
2647 2369
2648 1635
2649 929
2650 251
2651 2251
2652 1630
2653 1037
2654 472
2655 2589
2656 2081
2657 1601
2658 1149
2659 725
2660 329
2661 2621
2662 2282
2663 1971
2664 1688
2665 1433
2666 1206
2667 1007
2668 836
2669 693
2670 578
2671 491
2672 432
2673 401
2674 398
2675 423
2676 476
2677 557
2678 666
2679 803
2680 968
2681 1161
2682 1382
2683 1631
2684 1908
2685 2213
2686 2546
2687 221
2688 609
2689 1025
2690 1469
2691 1941
2692 2441
2693 277
2694 832
2695 1415
2696 2026
2697 2665
2698 635
2699 1329
2700 2051
2701 101
2702 878
2703 1683
2704 2516
2705 673
2706 1561
2707 2477
2708 714
2709 1685
2710 2684
2711 1001
2712 2055
2713 425
2714 1534
2715 2671
2716 1121
2717 2313
2718 816
2719 2063
2720 619
2721 1921
2722 530
2723 1887
2724 549
2725 1961
2726 676
2727 2143
2728 911
2729 2433
2730 1254
2731 101
2732 1705
2733 605
2734 2264
2735 1217
2736 196
2737 1937
2738 969
2739 27
2740 1850
2741 961
2742 98
2743 2003
2744 1193
2745 409
2746 2396
2747 1665
2748 960
2749 281
2750 2377
2751 1751
2752 1151
2753 577
2754 29
2755 2261
2756 1766
2757 1297
2758 854
2759 437
2760 46
2761 2441
2762 2103
2763 1791
2764 1505
2765 1245
2766 1011
2767 803
2768 621
2769 465
2770 335
2771 231
2772 153
2773 101
2774 75
2775 75
2776 101
2777 153
2778 231
2779 335
2780 465
2781 621
2782 803
2783 1011
2784 1245
2785 1505
2786 1791
2787 2103
2788 2441
2789 17
2790 406
2791 821
2792 1262
2793 1729
2794 2222
2795 2741
2796 491
2797 1061
2798 1657
2799 2279
2800 128
2801 801
2802 1500
2803 2225
2804 173
2805 949
2806 1751
2807 2579
2808 626
2809 1505
2810 2410
2811 531
2812 1487
2813 2469
2814 664
2815 1697
2816 2756
2817 1025
2818 2135
2819 453
2820 1614
2821 2801
2822 1193
2823 2431
2824 872
2825 2161
2826 651
2827 1991
2828 530
2829 1921
2830 509
2831 1951
2832 588
2833 2081
2834 767
2835 2311
2836 1046
2837 2641
2838 1425
2839 233
2840 1904
2841 761
2842 2483
2843 1389
2844 319
2845 2117
2846 1096
2847 99
2848 1973
2849 1025
2850 101
2851 2051
2852 1176
2853 325
2854 2351
2855 1549
2856 771
2857 17
2858 2144
2859 1439
2860 758
2861 101
2862 2329
2863 1721
2864 1137
2865 577
2866 41
2867 2395
2868 1908
2869 1445
2870 1006
2871 591
2872 200
2873 2705
2874 2363
2875 2045
2876 1751
2877 1481
2878 1235
2879 1013
2880 815
2881 641
2882 491
2883 365
2884 263
2885 185
2886 131
2887 101
2888 95
2889 113
2890 155
2891 221
2892 311
2893 425
2894 563
2895 725
2896 911
2897 1121
2898 1355
2899 1613
2900 1895
2901 2201
2902 2531
2903 2885
2904 360
2905 761
2906 1186
2907 1635
2908 2108
2909 2605
2910 217
2911 761
2912 1329
2913 1921
2914 2537
2915 263
2916 926
2917 1613
2918 2324
2919 141
2920 899
2921 1681
2922 2487
2923 395
2924 1248
2925 2125
2926 101
2927 1025
2928 1973
2929 17
2930 1012
2931 2031
2932 143
2933 1209
2934 2299
2935 479
2936 1616
2937 2777
2938 1025
2939 2233
2940 526
2941 1781
2942 119
2943 1421
2944 2747
2945 1153
2946 2526
2947 977
2948 2397
2949 893
2950 2360
2951 901
2952 2415
2953 1001
2954 2562
2955 1193
2956 2801
2957 1477
2958 175
2959 1853
2960 596
2961 2321
2962 1109
2963 2881
2964 1714
2965 569
2966 2411
2967 1311
2968 233
2969 2145
2970 1112
2971 101
2972 2083
2973 1117
2974 173
2975 2225
2976 1326
2977 449
2978 2571
2979 1739
2980 929
2981 141
2982 2356
2983 1613
2984 892
2985 193
2986 2501
2987 1847
2988 1215
2989 605
2990 17
2991 2441
2992 1898
2993 1377
2994 878
2995 401
2996 2941
2997 2509
2998 2099
2999 1711
3000 1345
3001 1001
3002 679
3003 379
3004 101
3005 2849
3006 2616
3007 2405
3008 2216
3009 2049
3010 1904
3011 1781
3012 1680
3013 1601
3014 1544
3015 1509
3016 1496
3017 1505
3018 1536
3019 1589
3020 1664
3021 1761
3022 1880
3023 2021
3024 2184
3025 2369
3026 2576
3027 2805
3028 29
3029 301
3030 595
3031 911
3032 1249
3033 1609
3034 1991
3035 2395
3036 2821
3037 233
3038 702
3039 1193
3040 1706
3041 2241
3042 2798
3043 335
3044 935
3045 1557
3046 2201
3047 2867
3048 508
3049 1217
3050 1948
3051 2701
3052 425
3053 1221
3054 2039
3055 2879
3056 686
3057 1569
3058 2474
3059 343
3060 1291
3061 2261
3062 192
3063 1205
3064 2240
3065 233
3066 1311
3067 2411
3068 466
3069 1609
3070 2774
3071 891
3072 2099
3073 257
3074 1508
3075 2781
3076 1001
3077 2317
3078 578
3079 1937
3080 239
3081 1641
3082 3065
3083 1429
3084 2896
3085 1301
3086 2811
3087 1257
3088 2810
3089 1297
3090 2893
3091 1421
3092 3060
3093 1629
3094 218
3095 1921
3096 551
3097 2297
3098 968
3099 2757
3100 1469
3101 201
3102 2054
3103 827
3104 2723
3105 1537
3106 371
3107 2331
3108 1206
3109 101
3110 2125
3111 1061
3112 17
3113 2105
3114 1102
3115 119
3116 2271
3117 1329
3118 407
3119 2623
3120 1742
3121 881
3122 40
3123 2341
3124 1541
3125 761
3126 1
3127 2387
3128 1668
3129 969
3130 290
3131 2761
3132 2123
3133 1505
3134 907
3135 329
3136 2906
3137 2369
3138 1852
3139 1355
3140 878
3141 421
3142 3125
3143 2709
3144 2313
3145 1937
3146 1581
3147 1245
3148 929
3149 633
3150 357
3151 101
3152 3016
3153 2801
3154 2606
3155 2431
3156 2276
3157 2141
3158 2026
3159 1931
3160 1856
3161 1801
3162 1766
3163 1751
3164 1756
3165 1781
3166 1826
3167 1891
3168 1976
3169 2081
3170 2206
3171 2351
3172 2516
3173 2701
3174 2906
3175 3131
3176 201
3177 465
3178 749
3179 1053
3180 1377
3181 1721
3182 2085
3183 2469
3184 2873
3185 113
3186 556
3187 1019
3188 1502
3189 2005
3190 2528
3191 3071
3192 443
3193 1025
3194 1627
3195 2249
3196 2891
3197 357
3198 1038
3199 1739
3200 2460
3201 1
3202 761
3203 1541
3204 2341
3205 3161
3206 796
3207 1655
3208 2534
3209 225
3210 1143
3211 2081
3212 3039
3213 805
3214 1802
3215 2819
3216 641
3217 1697
3218 2773
3219 651
3220 1766
3221 2901
3222 835
3223 2009
3224 3203
3225 1193
3226 2426
3227 453
3228 1725
3229 3017
3230 1100
3231 2431
3232 551
3233 1921
3234 78
3235 1487
3236 2916
3237 1129
3238 2597
3239 847
3240 2354
3241 641
3242 2187
3243 511
3244 2096
3245 457
3246 2081
3247 479
3248 2142
3249 577
3250 2279
3251 751
3252 2492
3253 1001
3254 2781
3255 1327
3256 3146
3257 1729
3258 330
3259 2207
3260 845
3261 2761
3262 1436
3263 129
3264 2103
3265 833
3266 2846
3267 1613
3268 398
3269 2469
3270 1291
3271 131
3272 2260
3273 1137
3274 32
3275 2219
3276 1151
3277 101
3278 2346
3279 1333
3280 338
3281 2641
3282 1683
3283 743
3284 3104
3285 2201
3286 1316
3287 449
3288 2887
3289 2057
3290 1245
3291 451
3292 2966
3293 2209
3294 1470
3295 749
3296 46
3297 2657
3298 1991
3299 1343
3300 713
3301 101
3302 2808
3303 2233
3304 1676
3305 1137
3306 616
3307 113
3308 2935
3309 2469
3310 2021
3311 1591
3312 1179
3313 785
3314 409
3315 51
3316 3026
3317 2705
3318 2402
3319 2117
3320 1850
3321 1601
3322 1370
3323 1157
3324 962
3325 785
3326 626
3327 485
3328 362
3329 257
3330 170
3331 101
3332 50
3333 17
3334 2
3335 5
3336 26
3337 65
3338 122
3339 197
3340 290
3341 401
3342 530
3343 677
3344 842
3345 1025
3346 1226
3347 1445
3348 1682
3349 1937
3350 2210
3351 2501
3352 2810
3353 3137
3354 129
3355 491
3356 871
3357 1269
3358 1685
3359 2119
3360 2571
3361 3041
3362 168
3363 673
3364 1196
3365 1737
3366 2296
3367 2873
3368 101
3369 713
3370 1343
3371 1991
3372 2657
3373 3341
3374 670
3375 1389
3376 2126
3377 2881
3378 277
3379 1067
3380 1875
3381 2701
3382 164
3383 1025
3384 1904
3385 2801
3386 331
3387 1263
3388 2213
3389 3181
3390 778
3391 1781
3392 2802
3393 449
3394 1505
3395 2579
3396 276
3397 1385
3398 2512
3399 259
3400 1421
3401 2601
3402 398
3403 1613
3404 2846
3405 693
3406 1961
3407 3247
3408 1144
3409 2465
3410 395
3411 1751
3412 3125
3413 1105
3414 2514
3415 527
3416 1971
3417 17
3418 1496
3419 2993
3420 1089
3421 2621
3422 750
3423 2317
3424 479
3425 2081
3426 276
3427 1913
3428 141
3429 1813
3430 74
3431 1781
3432 75
3433 1817
3434 144
3435 1921
3436 281
3437 2093
3438 486
3439 2333
3440 759
3441 2641
3442 1100
3443 3017
3444 1509
3445 17
3446 1986
3447 527
3448 2531
3449 1105
3450 3144
3451 1751
3452 374
3453 2465
3454 1121
3455 3247
3456 1936
3457 641
3458 2819
3459 1557
3460 311
3461 2541
3462 1328
3463 131
3464 2413
3465 1249
3466 101
3467 2435
3468 1320
3469 221
3470 2607
3471 1541
3472 491
3473 2929
3474 1912
3475 911
3476 3401
3477 2433
3478 1481
3479 545
3480 3104
3481 2201
3482 1314
3483 443
3484 3071
3485 2233
3486 1411
3487 605
3488 3302
3489 2529
3490 1772
3491 1031
3492 306
3493 3089
3494 2397
3495 1721
3496 1061
3497 417
3498 3286
3499 2675
3500 2080
3501 1501
3502 938
3503 391
3504 3363
3505 2849
3506 2351
3507 1869
3508 1403
3509 953
3510 519
3511 101
3512 3210
3513 2825
3514 2456
3515 2103
3516 1766
3517 1445
3518 1140
3519 851
3520 578
3521 321
3522 80
3523 3377
3524 3169
3525 2977
3526 2801
3527 2641
3528 2497
3529 2369
3530 2257
3531 2161
3532 2081
3533 2017
3534 1969
3535 1937
3536 1921
3537 1921
3538 1937
3539 1969
3540 2017
3541 2081
3542 2161
3543 2257
3544 2369
3545 2497
3546 2641
3547 2801
3548 2977
3549 3169
3550 3377
3551 51
3552 290
3553 545
3554 816
3555 1103
3556 1406
3557 1725
3558 2060
3559 2411
3560 2778
3561 3161
3562 3560
3563 413
3564 843
3565 1289
3566 1751
3567 2229
3568 2723
3569 3233
3570 190
3571 731
3572 1288
3573 1861
3574 2450
3575 3055
3576 101
3577 737
3578 1389
3579 2057
3580 2741
3581 3441
3582 576
3583 1307
3584 2054
3585 2817
3586 11
3587 805
3588 1615
3589 2441
3590 3283
3591 551
3592 1424
3593 2313
3594 3218
3595 545
3596 1481
3597 2433
3598 3401
3599 787
3600 1786
3601 2801
3602 231
3603 1277
3604 2339
3605 3417
3606 906
3607 2015
3608 3140
3609 673
3610 1829
3611 3001
3612 578
3613 1781
3614 3000
3615 621
3616 1871
3617 3137
3618 802
3619 2099
3620 3412
3621 1121
3622 2465
3623 203
3624 1578
3625 2969
3626 751
3627 2173
3628 3611
3629 1437
3630 2906
3631 761
3632 2261
3633 145
3634 1676
3635 3223
3636 1151
3637 2729
3638 686
3639 2295
3640 281
3641 1921
3642 3577
3643 1607
3644 3294
3645 1353
3646 3071
3647 1159
3648 2908
3649 1025
3650 2805
3651 951
3652 2762
3653 937
3654 2779
3655 983
3656 2856
3657 1089
3658 2993
3659 1255
3660 3190
3661 1481
3662 3447
3663 1767
3664 101
3665 2113
3666 476
3667 2519
3668 911
3669 2985
3670 1406
3671 3511
3672 1961
3673 425
3674 2576
3675 1069
3676 3251
3677 1773
3678 309
3679 2537
3680 1102
3681 3361
3682 1955
3683 563
3684 2868
3685 1505
3686 156
3687 2507
3688 1187
3689 3569
3690 2278
3691 1001
3692 3429
3693 2181
3694 947
3695 3421
3696 2216
3697 1025
3698 3545
3699 2383
3700 1235
3701 101
3702 2682
3703 1577
3704 486
3705 3113
3706 2051
3707 1003
3708 3676
3709 2657
3710 1652
3711 661
3712 3395
3713 2433
3714 1485
3715 551
3716 3346
3717 2441
3718 1550
3719 673
3720 3529
3721 2681
3722 1847
3723 1027
3724 221
3725 3153
3726 2376
3727 1613
3728 864
3729 129
3730 3137
3731 2431
3732 1739
3733 1061
3734 397
3735 3481
3736 2846
3737 2225
3738 1618
3739 1025
3740 446
3741 3621
3742 3071
3743 2535
3744 2013
3745 1505
3746 1011
3747 531
3748 65
3749 3361
3750 2924
3751 2501
3752 2092
3753 1697
3754 1316
3755 949
3756 596
3757 257
3758 3689
3759 3379
3760 3083
3761 2801
3762 2533
3763 2279
3764 2039
3765 1813
3766 1601
3767 1403
3768 1219
3769 1049
3770 893
3771 751
3772 623
3773 509
3774 409
3775 323
3776 251
3777 193
3778 149
3779 119
3780 103
3781 101
3782 113
3783 139
3784 179
3785 233
3786 301
3787 383
3788 479
3789 589
3790 713
3791 851
3792 1003
3793 1169
3794 1349
3795 1543
3796 1751
3797 1973
3798 2209
3799 2459
3800 2723
3801 3001
3802 3293
3803 3599
3804 116
3805 449
3806 796
3807 1157
3808 1532
3809 1921
3810 2324
3811 2741
3812 3172
3813 3617
3814 263
3815 735
3816 1221
3817 1721
3818 2235
3819 2763
3820 3305
3821 41
3822 610
3823 1193
3824 1790
3825 2401
3826 3026
3827 3665
3828 491
3829 1157
3830 1837
3831 2531
3832 3239
3833 129
3834 864
3835 1613
3836 2376
3837 3153
3838 107
3839 911
3840 1729
3841 2561
3842 3407
3843 425
3844 1298
3845 2185
3846 3086
3847 155
3848 1083
3849 2025
3850 2981
3851 101
3852 1084
3853 2081
3854 3092
3855 263
3856 1301
3857 2353
3858 3419
3859 641
3860 1734
3861 2841
3862 101
3863 1235
3864 2383
3865 3545
3866 856
3867 2045
3868 3248
3869 597
3870 1827
3871 3071
3872 458
3873 1729
3874 3014
3875 439
3876 1751
3877 3077
3878 540
3879 1893
3880 3260
3881 761
3882 2155
3883 3563
3884 1102
3885 2537
3886 101
3887 1563
3888 3039
3889 641
3890 2144
3891 3661
3892 1301
3893 2845
3894 510
3895 2081
3896 3666
3897 1369
3898 2981
3899 709
3900 2348
3901 101
3902 1767
3903 3447
3904 1238
3905 2945
3906 761
3907 2495
3908 336
3909 2097
3910 3872
3911 1751
3912 3553
3913 1457
3914 3286
3915 1215
3916 3071
3917 1025
3918 2908
3919 887
3920 2797
3921 801
3922 2738
3923 767
3924 2731
3925 785
3926 2776
3927 855
3928 2873
3929 977
3930 3022
3931 1151
3932 3223
3933 1377
3934 3476
3935 1655
3936 3781
3937 1985
3938 201
3939 2367
3940 608
3941 2801
3942 1067
3943 3287
3944 1578
3945 3825
3946 2141
3947 469
3948 2756
3949 1109
3950 3423
3951 1801
3952 191
3953 2545
3954 960
3955 3341
3956 1781
3957 233
3958 2654
3959 1131
3960 3579
3961 2081
3962 595
3963 3083
3964 1622
3965 173
3966 2701
3967 1277
3968 3832
3969 2433
3970 1046
3971 3641
3972 2279
3973 929
3974 3564
3975 2239
3976 926
3977 3601
3978 2313
3979 1037
3980 3752
3981 2501
3982 1262
3983 35
3984 2803
3985 1601
3986 411
3987 3219
3988 2054
3989 901
3990 3749
3991 2621
3992 1505
3993 401
3994 3302
3995 2223
3996 1156
3997 101
3998 3055
3999 2025
4000 1007
4001 1
4002 3008
4003 2027
4004 1058
4005 101
4006 3161
4007 2229
4008 1309
4009 401
4010 3514
4011 2631
4012 1760
4013 901
4014 54
4015 3233
4016 2411
4017 1601
4018 803
4019 17
4020 3262
4021 2501
4022 1752
4023 1015
4024 290
4025 3601
4026 2901
4027 2213
4028 1537
4029 873
4030 221
4031 3611
4032 2984
4033 2369
4034 1766
4035 1175
4036 596
4037 29
4038 3511
4039 2969
4040 2439
4041 1921
4042 1415
4043 921
4044 439
4045 4013
4046 3556
4047 3111
4048 2678
4049 2257
4050 1848
4051 1451
4052 1066
4053 693
4054 332
4055 4037
4056 3701
4057 3377
4058 3065
4059 2765
4060 2477
4061 2201
4062 1937
4063 1685
4064 1445
4065 1217
4066 1001
4067 797
4068 605
4069 425
4070 257
4071 101
4072 4028
4073 3897
4074 3778
4075 3671
4076 3576
4077 3493
4078 3422
4079 3363
4080 3316
4081 3281
4082 3258
4083 3247
4084 3248
4085 3261
4086 3286
4087 3323
4088 3372
4089 3433
4090 3506
4091 3591
4092 3688
4093 3797
4094 3918
4095 4051
4096 101
4097 257
4098 425
4099 605
4100 797
4101 1001
4102 1217
4103 1445
4104 1685
4105 1937
4106 2201
4107 2477
4108 2765
4109 3065
4110 3377
4111 3701
4112 4037
4113 273
4114 632
4115 1003
4116 1386
4117 1781
4118 2188
4119 2607
4120 3038
4121 3481
4122 3936
4123 281
4124 759
4125 1249
4126 1751
4127 2265
4128 2791
4129 3329
4130 3879
4131 311
4132 884
4133 1469
4134 2066
4135 2675
4136 3296
4137 3929
4138 437
4139 1093
4140 1761
4141 2441
4142 3133
4143 3837
4144 410
4145 1137
4146 1876
4147 2627
4148 3390
4149 17
4150 803
4151 1601
4152 2411
4153 3233
4154 4067
4155 759
4156 1616
4157 2485
4158 3366
4159 101
4160 1005
4161 1921
4162 2849
4163 3789
4164 578
4165 1541
4166 2516
4167 3503
4168 335
4169 1345
4170 2367
4171 3401
4172 276
4173 1333
4174 2402
4175 3483
4176 401
4177 1505
4178 2621
4179 3749
4180 710
4181 1861
4182 3024
4183 17
4184 1203
4185 2401
4186 3611
4187 647
4188 1880
4189 3125
4190 193
4191 1461
4192 2741
4193 4033
4194 1144
4195 2459
4196 3786
4197 929
4198 2279
4199 3641
4200 816
4201 2201
4202 3598
4203 805
4204 2225
4205 3657
4206 896
4207 2351
4208 3818
4209 1089
4210 2579
4211 4081
4212 1384
4213 2909
4214 233
4215 1781
4216 3341
4217 697
4218 2280
4219 3875
4220 1263
4221 2881
4222 290
4223 1931
4224 3584
4225 1025
4226 2701
4227 163
4228 1862
4229 3573
4230 1067
4231 2801
4232 316
4233 2073
4234 3842
4235 1389
4236 3181
4237 749
4238 2564
4239 153
4240 1991
4241 3841
4242 1462
4243 3335
4244 977
4245 2873
4246 536
4247 2455
4248 139
4249 2081
4250 4035
4251 1751
4252 3728
4253 1465
4254 3465
4255 1223
4256 3246
4257 1025
4258 3071
4259 871
4260 2940
4261 761
4262 2853
4263 695
4264 2810
4265 673
4266 2811
4267 695
4268 2856
4269 761
4270 2945
4271 871
4272 3078
4273 1025
4274 3255
4275 1223
4276 3476
4277 1465
4278 3741
4279 1751
4280 4050
4281 2081
4282 122
4283 2455
4284 517
4285 2873
4286 956
4287 3335
4288 1439
4289 3841
4290 1966
4291 101
4292 2537
4293 693
4294 3152
4295 1329
4296 3811
4297 2009
4298 217
4299 2733
4300 962
4301 3501
4302 1751
4303 11
4304 2584
4305 865
4306 3461
4307 1763
4308 75
4309 2705
4310 1038
4311 3691
4312 2045
4313 409
4314 3096
4315 1481
4316 4191
4317 2597
4318 1013
4319 3757
4320 2194
4321 641
4322 3419
4323 1887
4324 365
4325 3177
4326 1676
4327 185
4328 3031
4329 1561
4330 101
4331 2981
4332 1542
4333 113
4334 3027
4335 1619
4336 221
4337 3169
4338 1792
4339 425
4340 3407
4341 2061
4342 725
4343 3741
4344 2426
4345 1121
4346 4171
4347 2887
4348 1613
4349 349
4350 3444
4351 2201
4352 968
4353 4097
4354 2885
4355 1683
4356 491
4357 3665
4358 2494
4359 1333
4360 182
4361 3401
4362 2271
4363 1151
4364 41
4365 3305
4366 2216
4367 1137
4368 68
4369 3377
4370 2329
4371 1291
4372 263
4373 3617
4374 2610
4375 1613
4376 626
4377 4025
4378 3059
4379 2103
4380 1157
4381 221
4382 3676
4383 2761
4384 1856
4385 961
4386 76
4387 3587
4388 2723
4389 1869
4390 1025
4391 191
4392 3758
4393 2945
4394 2142
4395 1349
4396 566
4397 4189
4398 3427
4399 2675
4400 1933
4401 1201
4402 479
4403 4169
4404 3468
4405 2777
4406 2096
4407 1425
4408 764
4409 113
4410 3881
4411 3251
4412 2631
4413 2021
4414 1421
4415 831
4416 251
4417 4097
4418 3538
4419 2989
4420 2450
4421 1921
4422 1402
4423 893
4424 394
4425 4329
4426 3851
4427 3383
4428 2925
4429 2477
4430 2039
4431 1611
4432 1193
4433 785
4434 387
4435 4433
4436 4056
4437 3689
4438 3332
4439 2985
4440 2648
4441 2321
4442 2004
4443 1697
4444 1400
4445 1113
4446 836
4447 569
4448 312
4449 65
4450 4277
4451 4051
4452 3835
4453 3629
4454 3433
4455 3247
4456 3071
4457 2905
4458 2749
4459 2603
4460 2467
4461 2341
4462 2225
4463 2119
4464 2023
4465 1937
4466 1861
4467 1795
4468 1739
4469 1693
4470 1657
4471 1631
4472 1615
4473 1609
4474 1613
4475 1627
4476 1651
4477 1685
4478 1729
4479 1783
4480 1847
4481 1921
4482 2005
4483 2099
4484 2203
4485 2317
4486 2441
4487 2575
4488 2719
4489 2873
4490 3037
4491 3211
4492 3395
4493 3589
4494 3793
4495 4007
4496 4231
4497 4465
4498 212
4499 465
4500 728
4501 1001
4502 1284
4503 1577
4504 1880
4505 2193
4506 2516
4507 2849
4508 3192
4509 3545
4510 3908
4511 4281
4512 153
4513 545
4514 947
4515 1359
4516 1781
4517 2213
4518 2655
4519 3107
4520 3569
4521 4041
4522 2
4523 493
4524 994
4525 1505
4526 2026
4527 2557
4528 3098
4529 3649
4530 4210
4531 251
4532 831
4533 1421
4534 2021
4535 2631
4536 3251
4537 3881
4538 4521
4539 633
4540 1292
4541 1961
4542 2640
4543 3329
4544 4028
4545 193
4546 911
4547 1639
4548 2377
4549 3125
4550 3883
4551 101
4552 878
4553 1665
4554 2462
4555 3269
4556 4086
4557 357
4558 1193
4559 2039
4560 2895
4561 3761
4562 76
4563 961
4564 1856
4565 2761
4566 3676
4567 35
4568 969
4569 1913
4570 2867
4571 3831
4572 234
4573 1217
4574 2210
4575 3213
4576 4226
4577 673
4578 1705
4579 2747
4580 3799
4581 281
4582 1352
4583 2433
4584 3524
4585 41
4586 1151
4587 2271
4588 3401
4589 4541
4590 1102
4591 2261
4592 3430
4593 17
4594 1205
4595 2403
4596 3611
4597 233
4598 1460
4599 2697
4600 3944
4601 601
4602 1867
4603 3143
4604 4429
4605 1121
4606 2426
4607 3741
4608 459
4609 1793
4610 3137
4611 4491
4612 1244
4613 2617
4614 4000
4615 779
4616 2181
4617 3593
4618 398
4619 1829
4620 3270
4621 101
4622 1561
4623 3031
4624 4511
4625 1377
4626 2876
4627 4385
4628 1277
4629 2805
4630 4343
4631 1261
4632 2818
4633 4385
4634 1329
4635 2915
4636 4511
4637 1481
4638 3096
4639 83
4640 1717
4641 3361
4642 374
4643 2037
4644 3710
4645 749
4646 2441
4647 4143
4648 1208
4649 2929
4650 11
4651 1751
4652 3501
4653 609
4654 2378
4655 4157
4656 1291
4657 3089
4658 240
4659 2057
4660 3884
4661 1061
4662 2907
4663 101
4664 1966
4665 3841
4666 1061
4667 2955
4668 192
4669 2105
4670 4028
4671 1291
4672 3233
4673 513
4674 2474
4675 4445
4676 1751
4677 3741
4678 1064
4679 3073
4680 413
4681 2441
4682 4479
4683 1845
4684 3902
4685 1285
4686 3361
4687 761
4688 2856
4689 273
4690 2387
4691 4511
4692 1954
4693 4097
4694 1557
4695 3719
4696 1196
4697 3377
4698 871
4699 3071
4700 582
4701 2801
4702 329
4703 2567
4704 112
4705 2369
4706 4636
4707 2207
4708 4493
4709 2081
4710 4386
4711 1991
4712 4315
4713 1937
4714 4280
4715 1919
4716 4281
4717 1937
4718 4318
4719 1991
4720 4391
4721 2081
4722 4500
4723 2207
4724 4645
4725 2369
4726 101
4727 2567
4728 316
4729 2801
4730 567
4731 3071
4732 854
4733 3377
4734 1177
4735 3719
4736 1536
4737 4097
4738 1931
4739 4511
4740 2362
4741 221
4742 2829
4743 705
4744 3332
4745 1225
4746 3871
4747 1781
4748 4446
4749 2373
4750 308
4751 3001
4752 953
4753 3665
4754 1634
4755 4365
4756 2351
4757 345
4758 3104
4759 1115
4760 3893
4761 1921
4762 4718
4763 2763
4764 816
4765 3641
4766 1711
4767 4555
4768 2642
4769 737
4770 3609
4771 1721
4772 4612
4773 2741
4774 878
4775 3797
4776 1951
4777 113
4778 3060
4779 1239
4780 4205
4781 2401
4782 605
4783 3599
4784 1820
4785 49
4786 3071
4787 1317
4788 4358
4789 2621
4790 892
4791 3961
4792 2249
4793 545
4794 3642
4795 1955
4796 276
4797 3401
4798 1739
4799 85
4800 3238
4801 1601
4802 4773
4803 3153
4804 1541
4805 4741
4806 3146
4807 1559
4808 4787
4809 3217
4810 1655
4811 101
4812 3366
4813 1829
4814 300
4815 3593
4816 2081
4817 577
4818 3898
4819 2411
4820 932
4821 4281
4822 2819
4823 1365
4824 4742
4825 3305
4826 1876
4827 455
4828 3869
4829 2465
4830 1069
4831 4511
4832 3132
4833 1761
4834 398
4835 3877
4836 2531
4837 1193
4838 4700
4839 3379
4840 2066
4841 761
4842 4305
4843 3017
4844 1737
4845 465
4846 4046
4847 2791
4848 1544
4849 305
4850 3923
4851 2701
4852 1487
4853 281
4854 3936
4855 2747
4856 1566
4857 393
4858 4085
4859 2929
4860 1781
4861 641
4862 4370
4863 3247
4864 2132
4865 1025
4866 4791
4867 3701
4868 2619
4869 1545
4870 479
4871 4291
4872 3242
4873 2201
4874 1168
4875 143
4876 4001
4877 2993
4878 1993
4879 1001
4880 17
4881 3921
4882 2954
4883 1995
4884 1044
4885 101
4886 4051
4887 3125
4888 2207
4889 1297
4890 395
4891 4391
4892 3506
4893 2629
4894 1760
4895 899
4896 46
4897 4097
4898 3261
4899 2433
4900 1613
4901 801
4902 4898
4903 4103
4904 3316
4905 2537
4906 1766
4907 1003
4908 248
4909 4409
4910 3671
4911 2941
4912 2219
4913 1505
4914 799
4915 101
4916 4326
4917 3645
4918 2972
4919 2307
4920 1650
4921 1001
4922 360
4923 4649
4924 4025
4925 3409
4926 2801
4927 2201
4928 1609
4929 1025
4930 449
4931 4811
4932 4252
4933 3701
4934 3158
4935 2623
4936 2096
4937 1577
4938 1066
4939 563
4940 68
4941 4521
4942 4043
4943 3573
4944 3111
4945 2657
4946 2211
4947 1773
4948 1343
4949 921
4950 507
4951 101
4952 4654
4953 4265
4954 3884
4955 3511
4956 3146
4957 2789
4958 2440
4959 2099
4960 1766
4961 1441
4962 1124
4963 815
4964 514
4965 221
4966 4901
4967 4625
4968 4357
4969 4097
4970 3845
4971 3601
4972 3365
4973 3137
4974 2917
4975 2705
4976 2501
4977 2305
4978 2117
4979 1937
4980 1765
4981 1601
4982 1445
4983 1297
4984 1157
4985 1025
4986 901
4987 785
4988 677
4989 577
4990 485
4991 401
4992 325
4993 257
4994 197
4995 145
4996 101
4997 65
4998 37
4999 17
5000 5
5001 1
5002 5
5003 17
5004 37
5005 65
5006 101
5007 145
5008 197
5009 257
5010 325
5011 401
5012 485
5013 577
5014 677
5015 785
5016 901
5017 1025
5018 1157
5019 1297
5020 1445
5021 1601
5022 1765
5023 1937
5024 2117
5025 2305
5026 2501
5027 2705
5028 2917
5029 3137
5030 3365
5031 3601
5032 3845
5033 4097
5034 4357
5035 4625
5036 4901
5037 149
5038 440
5039 739
5040 1046
5041 1361
5042 1684
5043 2015
5044 2354
5045 2701
5046 3056
5047 3419
5048 3790
5049 4169
5050 4556
5051 4951
5052 303
5053 713
5054 1131
5055 1557
5056 1991
5057 2433
5058 2883
5059 3341
5060 3807
5061 4281
5062 4763
5063 191
5064 688
5065 1193
5066 1706
5067 2227
5068 2756
5069 3293
5070 3838
5071 4391
5072 4952
5073 449
5074 1025
5075 1609
5076 2201
5077 2801
5078 3409
5079 4025
5080 4649
5081 201
5082 840
5083 1487
5084 2142
5085 2805
5086 3476
5087 4155
5088 4842
5089 449
5090 1151
5091 1861
5092 2579
5093 3305
5094 4039
5095 4781
5096 436
5097 1193
5098 1958
5099 2731
5100 3512
5101 4301
5102 5098
5103 801
5104 1613
5105 2433
5106 3261
5107 4097
5108 4941
5109 685
5110 1544
5111 2411
5112 3286
5113 4169
5114 5060
5115 845
5116 1751
5117 2665
5118 3587
5119 4517
5120 336
5121 1281
5122 2234
5123 3195
5124 4164
5125 17
5126 1001
5127 1993
5128 2993
5129 4001
5130 5017
5131 911
5132 1942
5133 2981
5134 4028
5135 5083
5136 1011
5137 2081
5138 3159
5139 4245
5140 200
5141 1301
5142 2410
5143 3527
5144 4652
5145 641
5146 1781
5147 2929
5148 4085
5149 101
5150 1272
5151 2451
5152 3638
5153 4833
5154 883
5155 2093
5156 3311
5157 4537
5158 614
5159 1855
5160 3104
5161 4361
5162 465
5163 1737
5164 3017
5165 4305
5166 436
5167 1739
5168 3050
5169 4369
5170 527
5171 1861
5172 3203
5173 4553
5174 738
5175 2103
5176 3476
5177 4857
5178 1069
5179 2465
5180 3869
5181 101
5182 1520
5183 2947
5184 4382
5185 641
5186 2091
5187 3549
5188 5015
5189 1301
5190 2782
5191 4271
5192 577
5193 2081
5194 3593
5195 5113
5196 1446
5197 2981
5198 4524
5199 877
5200 2435
5201 4001
5202 374
5203 1955
5204 3544
5205 5141
5206 1541
5207 3153
5208 4773
5209 1193
5210 2828
5211 4471
5212 911
5213 2569
5214 4235
5215 695
5216 2376
5217 4065
5218 545
5219 2249
5220 3961
5221 461
5222 2188
5223 3923
5224 443
5225 2193
5226 3951
5227 491
5228 2264
5229 4045
5230 605
5231 2401
5232 4205
5233 785
5234 2604
5235 4431
5236 1031
5237 2873
5238 4723
5239 1343
5240 3208
5241 5081
5242 1721
5243 3609
5244 262
5245 2165
5246 4076
5247 749
5248 2675
5249 4609
5250 1302
5251 3251
5252 5208
5253 1921
5254 3893
5255 619
5256 2606
5257 4601
5258 1347
5259 3357
5260 116
5261 2141
5262 4174
5263 953
5264 3001
5265 5057
5266 1856
5267 3927
5268 739
5269 2825
5270 4919
5271 1751
5272 3860
5273 705
5274 2829
5275 4961
5276 1826
5277 3973
5278 851
5279 3013
5280 5183
5281 2081
5282 4266
5283 1177
5284 3377
5285 301
5286 2516
5287 4739
5288 1683
5289 3921
5290 878
5291 3131
5292 101
5293 2369
5294 4645
5295 1635
5296 3926
5297 929
5298 3235
5299 251
5300 2572
5301 4901
5302 1937
5303 4281
5304 1330
5305 3689
5306 751
5307 3125
5308 200
5309 2589
5310 4986
5311 2081
5312 4493
5313 1601
5314 4028
5315 1149
5316 3591
5317 725
5318 3182
5319 329
5320 2801
5321 5281
5322 2448
5323 4943
5324 2123
5325 4633
5326 1826
5327 4351
5328 1557
5329 4097
5330 1316
5331 3871
5332 1103
5333 3673
5334 918
5335 3503
5336 761
5337 3361
5338 632
5339 3247
5340 531
5341 3161
5342 458
5343 3103
5344 413
5345 3073
5346 396
5347 3071
5348 407
5349 3097
5350 446
5351 3151
5352 513
5353 3233
5354 608
5355 3343
5356 731
5357 3481
5358 882
5359 3647
5360 1061
5361 3841
5362 1268
5363 4063
5364 1503
5365 4313
5366 1766
5367 4591
5368 2057
5369 4897
5370 2376
5371 5231
5372 2723
5373 221
5374 3098
5375 609
5376 3501
5377 1025
5378 3932
5379 1469
5380 4391
5381 1941
5382 4878
5383 2441
5384 10
5385 2969
5386 551
5387 3525
5388 1120
5389 4109
5390 1717
5391 4721
5392 2342
5393 5361
5394 2995
5395 635
5396 3676
5397 1329
5398 4385
5399 2051
5400 5122
5401 2801
5402 486
5403 3579
5404 1277
5405 4385
5406 2096
5407 5219
5408 2943
5409 673
5410 3818
5411 1561
5412 4721
5413 2477
5414 239
5415 3421
5416 1196
5417 4393
5418 2181
5419 5393
5420 3194
5421 1001
5422 4235
5423 2055
5424 5304
5425 3137
5426 976
5427 4247
5428 2099
5429 5385
5430 3250
5431 1121
5432 4429
5433 2313
5434 203
5435 3533
5436 1436
5437 4781
5438 2697
5439 619
5440 3986
5441 1921
5442 5303
5443 3251
5444 1205
5445 4609
5446 2576
5447 549
5448 3975
5449 1961
5450 5402
5451 3401
5452 1406
5453 4869
5454 2887
5455 911
5456 4396
5457 2433
5458 476
5459 3983
5460 2039
5461 101
5462 3630
5463 1705
5464 5249
5465 3337
5466 1431
5467 4997
5468 3104
5469 1217
5470 4805
5471 2931
5472 1063
5473 4673
5474 2818
5475 969
5476 4601
5477 2765
5478 935
5479 4589
5480 2772
5481 961
5482 4637
5483 2839
5484 1047
5485 4745
5486 2966
5487 1193
5488 4913
5489 3153
5490 1399
5491 5141
5492 3400
5493 1665
5494 5429
5495 3707
5496 1991
5497 281
5498 4074
5499 2377
5500 686
5501 4501
5502 2823
5503 1151
5504 4988
5505 3329
5506 1676
5507 29
5508 3895
5509 2261
5510 633
5511 4521
5512 2906
5513 1297
5514 5207
5515 3611
5516 2021
5517 437
5518 4376
5519 2805
5520 1240
5521 5201
5522 3649
5523 2103
5524 563
5525 4553
5526 3026
5527 1505
5528 5517
5529 4009
5530 2507
5531 1011
5532 5052
5533 3569
5534 2092
5535 621
5536 4691
5537 3233
5538 1781
5539 335
5540 4434
5541 3001
5542 1574
5543 153
5544 4281
5545 2873
5546 1471
5547 75
5548 4232
5549 2849
5550 1472
5551 101
5552 4287
5553 2929
5554 1577
5555 231
5556 4446
5557 3113
5558 1786
5559 465
5560 4709
5561 3401
5562 2099
5563 803
5564 5076
5565 3793
5566 2516
5567 1245
5568 5547
5569 4289
5570 3037
5571 1791
5572 551
5573 4889
5574 3662
5575 2441
5576 1226
5577 17
5578 4391
5579 3195
5580 2005
5581 821
5582 5224
5583 4053
5584 2888
5585 1729
5586 576
5587 5015
5588 3875
5589 2741
5590 1613
5591 491
5592 4966
5593 3857
5594 2754
5595 1657
5596 566
5597 5077
5598 3999
5599 2927
5600 1861
5601 801
5602 5348
5603 4301
5604 3260
5605 2225
5606 1196
5607 173
5608 4763
5609 3753
5610 2749
5611 1751
5612 759
5613 5385
5614 4406
5615 3433
5616 2466
5617 1505
5618 550
5619 5219
5620 4277
5621 3341
5622 2411
5623 1487
5624 569
5625 5281
5626 4376
5627 3477
5628 2584
5629 1697
5630 816
5631 5571
5632 4703
5633 3841
5634 2985
5635 2135
5636 1291
5637 453
5638 5258
5639 4433
5640 3614
5641 2801
5642 1994
5643 1193
5644 398
5645 5253
5646 4471
5647 3695
5648 2925
5649 2161
5650 1403
5651 651
5652 5556
5653 4817
5654 4084
5655 3357
5656 2636
5657 1921
5658 1212
5659 509
5660 5471
5661 4781
5662 4097
5663 3419
5664 2747
5665 2081
5666 1421
5667 767
5668 119
5669 5145
5670 4510
5671 3881
5672 3258
5673 2641
5674 2030
5675 1425
5676 826
5677 233
5678 5323
5679 4743
5680 4169
5681 3601
5682 3039
5683 2483
5684 1933
5685 1389
5686 851
5687 319
5688 5480
5689 4961
5690 4448
5691 3941
5692 3440
5693 2945
5694 2456
5695 1973
5696 1496
5697 1025
5698 560
5699 101
5700 5347
5701 4901
5702 4461
5703 4027
5704 3599
5705 3177
5706 2761
5707 2351
5708 1947
5709 1549
5710 1157
5711 771
5712 391
5713 17
5714 5362
5715 5001
5716 4646
5717 4297
5718 3954
5719 3617
5720 3286
5721 2961
5722 2642
5723 2329
5724 2022
5725 1721
5726 1426
5727 1137
5728 854
5729 577
5730 306
5731 41
5732 5513
5733 5261
5734 5015
5735 4775
5736 4541
5737 4313
5738 4091
5739 3875
5740 3665
5741 3461
5742 3263
5743 3071
5744 2885
5745 2705
5746 2531
5747 2363
5748 2201
5749 2045
5750 1895
5751 1751
5752 1613
5753 1481
5754 1355
5755 1235
5756 1121
5757 1013
5758 911
5759 815
5760 725
5761 641
5762 563
5763 491
5764 425
5765 365
5766 311
5767 263
5768 221
5769 185
5770 155
5771 131
5772 113
5773 101
5774 95
5775 95
5776 101
5777 113
5778 131
5779 155
5780 185
5781 221
5782 263
5783 311
5784 365
5785 425
5786 491
5787 563
5788 641
5789 725
5790 815
5791 911
5792 1013
5793 1121
5794 1235
5795 1355
5796 1481
5797 1613
5798 1751
5799 1895
5800 2045
5801 2201
5802 2363
5803 2531
5804 2705
5805 2885
5806 3071
5807 3263
5808 3461
5809 3665
5810 3875
5811 4091
5812 4313
5813 4541
5814 4775
5815 5015
5816 5261
5817 5513
5818 5771
5819 217
5820 486
5821 761
5822 1042
5823 1329
5824 1622
5825 1921
5826 2226
5827 2537
5828 2854
5829 3177
5830 3506
5831 3841
5832 4182
5833 4529
5834 4882
5835 5241
5836 5606
5837 141
5838 517
5839 899
5840 1287
5841 1681
5842 2081
5843 2487
5844 2899
5845 3317
5846 3741
5847 4171
5848 4607
5849 5049
5850 5497
5851 101
5852 560
5853 1025
5854 1496
5855 1973
5856 2456
5857 2945
5858 3440
5859 3941
5860 4448
5861 4961
5862 5480
5863 143
5864 673
5865 1209
5866 1751
5867 2299
5868 2853
5869 3413
5870 3979
5871 4551
5872 5129
5873 5713
5874 430
5875 1025
5876 1626
5877 2233
5878 2846
5879 3465
5880 4090
5881 4721
5882 5358
5883 119
5884 767
5885 1421
5886 2081
5887 2747
5888 3419
5889 4097
5890 4781
5891 5471
5892 276
5893 977
5894 1684
5895 2397
5896 3116
5897 3841
5898 4572
5899 5309
5900 153
5901 901
5902 1655
5903 2415
5904 3181
5905 3953
5906 4731
5907 5515
5908 398
5909 1193
5910 1994
5911 2801
5912 3614
5913 4433
5914 5258
5915 175
5916 1011
5917 1853
5918 2701
5919 3555
5920 4415
5921 5281
5922 232
5923 1109
5924 1992
5925 2881
5926 3776
5927 4677
5928 5584
5929 569
5930 1487
5931 2411
5932 3341
5933 4277
5934 5219
5935 233
5936 1186
5937 2145
5938 3110
5939 4081
5940 5058
5941 101
5942 1089
5943 2083
5944 3083
5945 4089
5946 5101
5947 173
5948 1196
5949 2225
5950 3260
5951 4301
5952 5348
5953 449
5954 1507
5955 2571
5956 3641
5957 4717
5958 5799
5959 929
5960 2022
5961 3121
5962 4226
5963 5337
5964 491
5965 1613
5966 2741
5967 3875
5968 5015
5969 193
5970 1344
5971 2501
5972 3664
5973 4833
5974 35
5975 1215
5976 2401
5977 3593
5978 4791
5979 17
5980 1226
5981 2441
5982 3662
5983 4889
5984 139
5985 1377
5986 2621
5987 3871
5988 5127
5989 401
5990 1668
5991 2941
5992 4220
5993 5505
5994 803
5995 2099
5996 3401
5997 4709
5998 26
5999 1345
6000 2670
6001 4001
6002 5338
6003 679
6004 2027
6005 3381
6006 4741
6007 101
6008 1472
6009 2849
6010 4232
6011 5621
6012 1005
6013 2405
6014 3811
6015 5223
6016 626
6017 2049
6018 3478
6019 4913
6020 335
6021 1781
6022 3233
6023 4691
6024 132
6025 1601
6026 3076
6027 4557
6028 17
6029 1509
6030 3007
6031 4511
6032 6021
6033 1505
6034 3026
6035 4553
6036 51
6037 1589
6038 3133
6039 4683
6040 200
6041 1761
6042 3328
6043 4901
6044 437
6045 2021
6046 3611
6047 5207
6048 762
6049 2369
6050 3982
6051 5601
6052 1175
6053 2805
6054 4441
6055 29
6056 1676
6057 3329
6058 4988
6059 595
6060 2265
6061 3941
6062 5623
6063 1249
6064 2942
6065 4641
6066 281
6067 1991
6068 3707
6069 5429
6070 1088
6071 2821
6072 4560
6073 233
6074 1983
6075 3739
6076 5501
6077 1193
6078 2966
6079 4745
6080 451
6081 2241
6082 4037
6083 5839
6084 1564
6085 3377
6086 5196
6087 935
6088 2765
6089 4601
6090 354
6091 2201
6092 4054
6093 5913
6094 1685
6095 3555
6096 5431
6097 1217
6098 3104
6099 4997
6100 797
6101 2701
6102 4611
6103 425
6104 2346
6105 4273
6106 101
6107 2039
6108 3983
6109 5933
6110 1780
6111 3741
6112 5708
6113 1569
6114 3547
6115 5531
6116 1406
6117 3401
6118 5402
6119 1291
6120 3303
6121 5321
6122 1224
6123 3253
6124 5288
6125 1205
6126 3251
6127 5303
6128 1234
6129 3297
6130 5366
6131 1311
6132 3391
6133 5477
6134 1436
6135 3533
6136 5636
6137 1609
6138 3723
6139 5843
6140 1830
6141 3961
6142 6098
6143 2099
6144 4247
6145 257
6146 2416
6147 4581
6148 605
6149 2781
6150 4963
6151 1001
6152 3194
6153 5393
6154 1445
6155 3655
6156 5871
6157 1937
6158 4164
6159 239
6160 2477
6161 4721
6162 810
6163 3065
6164 5326
6165 1429
6166 3701
6167 5979
6168 2096
6169 4385
6170 511
6171 2811
6172 5117
6173 1257
6174 3574
6175 5897
6176 2051
6177 4385
6178 548
6179 2893
6180 5244
6181 1421
6182 3783
6183 6151
6184 2342
6185 4721
6186 921
6187 3311
6188 5707
6189 1921
6190 4328
6191 551
6192 2969
6193 5393
6194 1630
6195 4065
6196 311
6197 2757
6198 5209
6199 1469
6200 3932
6201 201
6202 2675
6203 5155
6204 1438
6205 3929
6206 221
6207 2723
6208 5231
6209 1537
6210 4056
6211 371
6212 2901
6213 5437
6214 1766
6215 4313
6216 651
6217 3209
6218 5773
6219 2125
6220 4700
6221 1061
6222 3647
6223 17
6224 2614
6225 5217
6226 1601
6227 4215
6228 608
6229 3233
6230 5864
6231 2271
6232 4913
6233 1329
6234 3982
6235 407
6236 3071
6237 5741
6238 2180
6239 4861
6240 1309
6241 4001
6242 458
6243 3161
6244 5870
6245 2341
6246 5061
6247 1541
6248 4272
6249 761
6250 3503
6251 1
6252 2754
6253 5513
6254 2025
6255 4795
6256 1316
6257 4097
6258 627
6259 3419
6260 6217
6261 2761
6262 5570
6263 2123
6264 4943
6265 1505
6266 4336
6267 907
6268 3749
6269 329
6270 3182
6271 6041
6272 2635
6273 5505
6274 2108
6275 4989
6276 1601
6277 4493
6278 1114
6279 4017
6280 647
6281 3561
6282 200
6283 3125
6284 6056
6285 2709
6286 5651
6287 2313
6288 5266
6289 1937
6290 4901
6291 1581
6292 4556
6293 1245
6294 4231
6295 929
6296 3926
6297 633
6298 3641
6299 357
6300 3376
6301 101
6302 3131
6303 6167
6304 2906
6305 5953
6306 2701
6307 5759
6308 2516
6309 5585
6310 2351
6311 5431
6312 2206
6313 5297
6314 2081
6315 5183
6316 1976
6317 5089
6318 1891
6319 5015
6320 1826
6321 4961
6322 1781
6323 4927
6324 1756
6325 4913
6326 1751
6327 4919
6328 1766
6329 4945
6330 1801
6331 4991
6332 1856
6333 5057
6334 1931
6335 5143
6336 2026
6337 5249
6338 2141
6339 5375
6340 2276
6341 5521
6342 2431
6343 5687
6344 2606
6345 5873
6346 2801
6347 6079
6348 3016
6349 6305
6350 3251
6351 201
6352 3506
6353 465
6354 3781
6355 749
6356 4076
6357 1053
6358 4391
6359 1377
6360 4726
6361 1721
6362 5081
6363 2085
6364 5456
6365 2469
6366 5851
6367 2873
6368 6266
6369 3297
6370 332
6371 3741
6372 785
6373 4205
6374 1258
6375 4689
6376 1751
6377 5193
6378 2264
6379 5717
6380 2797
6381 6261
6382 3350
6383 443
6384 3923
6385 1025
6386 4516
6387 1627
6388 5129
6389 2249
6390 5762
6391 2891
6392 24
6393 3553
6394 695
6395 4235
6396 1386
6397 4937
6398 2097
6399 5659
6400 2828
6401 1
6402 3579
6403 761
6404 4350
6405 1541
6406 5141
6407 2341
6408 5952
6409 3161
6410 374
6411 4001
6412 1223
6413 4861
6414 2092
6415 5741
6416 2981
6417 225
6418 3890
6419 1143
6420 4819
6421 2081
6422 5768
6423 3039
6424 314
6425 4017
6426 1301
6427 5015
6428 2308
6429 6033
6430 3335
6431 641
6432 4382
6433 1697
6434 5449
6435 2773
6436 101
6437 3869
6438 1206
6439 4985
6440 2331
6441 6121
6442 3476
6443 835
6444 4641
6445 2009
6446 5826
6447 3203
6448 584
6449 4417
6450 1807
6451 5651
6452 3050
6453 453
6454 4313
6455 1725
6456 5596
6457 3017
6458 442
6459 4329
6460 1763
6461 5661
6462 3104
6463 551
6464 4465
6465 1921
6466 5846
6467 3311
6468 780
6469 4721
6470 2199
6471 6151
6472 3638
6473 1129
6474 5097
6475 2597
6476 101
6477 4085
6478 1598
6479 5593
6480 3115
6481 641
6482 4652
6483 2187
6484 6209
6485 3753
6486 1301
6487 5339
6488 2896
6489 457
6490 4511
6491 2081
6492 6146
6493 3725
6494 1308
6495 5389
6496 2981
6497 577
6498 4674
6499 2279
6500 6387
6501 4001
6502 1619
6503 5743
6504 3370
6505 1001
6506 5141
6507 2781
6508 425
6509 4581
6510 2234
6511 6401
6512 4063
6513 1729
6514 5912
6515 3587
6516 1266
6517 5465
6518 3153
6519 845
6520 5060
6521 2761
6522 466
6523 4697
6524 2411
6525 129
6526 4376
6527 2103
6528 6361
6529 4097
6530 1837
6531 6111
6532 3860
6533 1613
6534 5903
6535 3665
6536 1431
6537 5737
6538 3512
6539 1291
6540 5613
6541 3401
6542 1193
6543 5531
6544 3332
6545 1137
6546 5491
6547 3305
6548 1123
6549 5493
6550 3320
6551 1151
6552 5537
6553 3377
6554 1221
6555 5623
6556 3476
6557 1333
6558 5751
6559 3617
6560 1487
6561 5921
6562 3800
6563 1683
6564 6133
6565 4025
6566 1921
6567 6387
6568 4292
6569 2201
6570 114
6571 4601
6572 2523
6573 449
6574 4952
6575 2887
6576 826
6577 5345
6578 3293
6579 1245
6580 5780
6581 3741
6582 1706
6583 6257
6584 4231
6585 2209
6586 191
6587 4763
6588 2754
6589 749
6590 5337
6591 3341
6592 1349
6593 5953
6594 3970
6595 1991
6596 16
6597 4641
6598 2675
6599 713
6600 5354
6601 3401
6602 1452
6603 6109
6604 4169
6605 2233
6606 301
6607 4979
6608 3056
6609 1137
6610 5831
6611 3921
6612 2015
6613 113
6614 4828
6615 2935
6616 1046
6617 5777
6618 3897
6619 2021
6620 149
6621 4901
6622 3038
6623 1179
6624 5947
6625 4097
6626 2251
6627 409
6628 5198
6629 3365
6630 1536
6631 6341
6632 4521
6633 2705
6634 893
6635 5719
6636 3916
6637 2117
6638 322
6639 5169
6640 3383
6641 1601
6642 6464
6643 4691
6644 2922
6645 1157
6646 6041
6647 4285
6648 2533
6649 785
6650 5690
6651 3951
6652 2216
6653 485
6654 5411
6655 3689
6656 1971
6657 257
6658 5204
6659 3499
6660 1798
6661 101
6662 5069
6663 3381
6664 1697
6665 17
6666 5006
6667 3335
6668 1668
6669 5
6670 5015
6671 3361
6672 1711
6673 65
6674 5096
6675 3459
6676 1826
6677 197
6678 5249
6679 3629
6680 2013
6681 401
6682 5474
6683 3871
6684 2272
6685 677
6686 5771
6687 4185
6688 2603
6689 1025
6690 6140
6691 4571
6692 3006
6693 1445
6694 6581
6695 5029
6696 3481
6697 1937
6698 397
6699 5559
6700 4028
6701 2501
6702 978
6703 6161
6704 4647
6705 3137
6706 1631
6707 129
6708 5338
6709 3845
6710 2356
6711 871
6712 6101
6713 4625
6714 3153
6715 1685
6716 221
6717 5477
6718 4022
6719 2571
6720 1124
6721 6401
6722 4963
6723 3529
6724 2099
6725 673
6726 5976
6727 4559
6728 3146
6729 1737
6730 332
6731 5661
6732 4265
6733 2873
6734 1485
6735 101
6736 5456
6737 4081
6738 2710
6739 1343
6740 6719
6741 5361
6742 4007
6743 2657
6744 1311
6745 6713
6746 5376
6747 4043
6748 2714
6749 1389
6750 68
6751 5501
6752 4189
6753 2881
6754 1577
6755 277
6756 5736
6757 4445
6758 3158
6759 1875
6760 596
6761 6081
6762 4811
6763 3545
6764 2283
6765 1025
6766 6536
6767 5287
6768 4042
6769 2801
6770 1564
6771 331
6772 5873
6773 4649
6774 3429
6775 2213
6776 1001
6777 6569
6778 5366
6779 4167
6780 2972
6781 1781
6782 594
6783 6193
6784 5015
6785 3841
6786 2671
6787 1505
6788 343
6789 5973
6790 4820
6791 3671
6792 2526
6793 1385
6794 248
6795 5909
6796 4781
6797 3657
6798 2537
6799 1421
6800 309
6801 6001
6802 4898
6803 3799
6804 2704
6805 1613
6806 526
6807 6249
6808 5171
6809 4097
6810 3027
6811 1961
6812 899
6813 6653
6814 5600
6815 4551
6816 3506
6817 2465
6818 1428
6819 395
6820 6185
6821 5161
6822 4141
6823 3125
6824 2113
6825 1105
6826 101
6827 5927
6828 4932
6829 3941
6830 2954
6831 1971
6832 992
6833 17
6834 5879
6835 4913
6836 3951
6837 2993
6838 2039
6839 1089
6840 143
6841 6041
6842 5104
6843 4171
6844 3242
6845 2317
6846 1396
6847 479
6848 6413
6849 5505
6850 4601
6851 3701
6852 2805
6853 1913
6854 1025
6855 141
6856 6116
6857 5241
6858 4370
6859 3503
6860 2640
6861 1781
6862 926
6863 75
6864 6091
6865 5249
6866 4411
6867 3577
6868 2747
6869 1921
6870 1099
6871 281
6872 6338
6873 5529
6874 4724
6875 3923
6876 3126
6877 2333
6878 1544
6879 759
6880 6857
6881 6081
6882 5309
6883 4541
6884 3777
6885 3017
6886 2261
6887 1509
6888 761
6889 17
6890 6166
6891 5431
6892 4700
6893 3973
6894 3250
6895 2531
6896 1816
6897 1105
6898 398
6899 6593
6900 5895
6901 5201
6902 4511
6903 3825
6904 3143
6905 2465
6906 1791
6907 1121
6908 455
6909 6701
6910 6044
6911 5391
6912 4742
6913 4097
6914 3456
6915 2819
6916 2186
6917 1557
6918 932
6919 311
6920 6613
6921 6001
6922 5393
6923 4789
6924 4189
6925 3593
6926 3001
6927 2413
6928 1829
6929 1249
6930 673
6931 101
6932 6464
6933 5901
6934 5342
6935 4787
6936 4236
6937 3689
6938 3146
6939 2607
6940 2072
6941 1541
6942 1014
6943 491
6944 6915
6945 6401
6946 5891
6947 5385
6948 4883
6949 4385
6950 3891
6951 3401
6952 2915
6953 2433
6954 1955
6955 1481
6956 1011
6957 545
6958 83
6959 6583
6960 6130
6961 5681
6962 5236
6963 4795
6964 4358
6965 3925
6966 3496
6967 3071
6968 2650
6969 2233
6970 1820
6971 1411
6972 1006
6973 605
6974 208
6975 6789
6976 6401
6977 6017
6978 5637
6979 5261
6980 4889
6981 4521
6982 4157
6983 3797
6984 3441
6985 3089
6986 2741
6987 2397
6988 2057
6989 1721
6990 1389
6991 1061
6992 737
6993 417
6994 101
6995 6783
6996 6476
6997 6173
6998 5874
6999 5579
7000 5288
7001 5001
7002 4718
7003 4439
7004 4164
7005 3893
7006 3626
7007 3363
7008 3104
7009 2849
7010 2598
7011 2351
7012 2108
7013 1869
7014 1634
7015 1403
7016 1176
7017 953
7018 734
7019 519
7020 308
7021 101
7022 6919
7023 6721
7024 6527
7025 6337
7026 6151
7027 5969
7028 5791
7029 5617
7030 5447
7031 5281
7032 5119
7033 4961
7034 4807
7035 4657
7036 4511
7037 4369
7038 4231
7039 4097
7040 3967
7041 3841
7042 3719
7043 3601
7044 3487
7045 3377
7046 3271
7047 3169
7048 3071
7049 2977
7050 2887
7051 2801
7052 2719
7053 2641
7054 2567
7055 2497
7056 2431
7057 2369
7058 2311
7059 2257
7060 2207
7061 2161
7062 2119
7063 2081
7064 2047
7065 2017
7066 1991
7067 1969
7068 1951
7069 1937
7070 1927
7071 1921
7072 1919
7073 1921
7074 1927
7075 1937
7076 1951
7077 1969
7078 1991
7079 2017
7080 2047
7081 2081
7082 2119
7083 2161
7084 2207
7085 2257
7086 2311
7087 2369
7088 2431
7089 2497
7090 2567
7091 2641
7092 2719
7093 2801
7094 2887
7095 2977
7096 3071
7097 3169
7098 3271
7099 3377
7100 3487
7101 3601
7102 3719
7103 3841
7104 3967
7105 4097
7106 4231
7107 4369
7108 4511
7109 4657
7110 4807
7111 4961
7112 5119
7113 5281
7114 5447
7115 5617
7116 5791
7117 5969
7118 6151
7119 6337
7120 6527
7121 6721
7122 6919
7123 7121
7124 204
7125 413
7126 626
7127 843
7128 1064
7129 1289
7130 1518
7131 1751
7132 1988
7133 2229
7134 2474
7135 2723
7136 2976
7137 3233
7138 3494
7139 3759
7140 4028
7141 4301
7142 4578
7143 4859
7144 5144
7145 5433
7146 5726
7147 6023
7148 6324
7149 6629
7150 6938
7151 101
7152 417
7153 737
7154 1061
7155 1389
7156 1721
7157 2057
7158 2397
7159 2741
7160 3089
7161 3441
7162 3797
7163 4157
7164 4521
7165 4889
7166 5261
7167 5637
7168 6017
7169 6401
7170 6789
7171 11
7172 406
7173 805
7174 1208
7175 1615
7176 2026
7177 2441
7178 2860
7179 3283
7180 3710
7181 4141
7182 4576
7183 5015
7184 5458
7185 5905
7186 6356
7187 6811
7188 83
7189 545
7190 1011
7191 1481
7192 1955
7193 2433
7194 2915
7195 3401
7196 3891
7197 4385
7198 4883
7199 5385
7200 5891
7201 6401
7202 6915
7203 231
7204 752
7205 1277
7206 1806
7207 2339
7208 2876
7209 3417
7210 3962
7211 4511
7212 5064
7213 5621
7214 6182
7215 6747
7216 101
7217 673
7218 1249
7219 1829
7220 2413
7221 3001
7222 3593
7223 4189
7224 4789
7225 5393
7226 6001
7227 6613
7228 2
7229 621
7230 1244
7231 1871
7232 2502
7233 3137
7234 3776
7235 4419
7236 5066
7237 5717
7238 6372
7239 7031
7240 455
7241 1121
7242 1791
7243 2465
7244 3143
7245 3825
7246 4511
7247 5201
7248 5895
7249 6593
7250 46
7251 751
7252 1460
7253 2173
7254 2890
7255 3611
7256 4336
7257 5065
7258 5798
7259 6535
7260 17
7261 761
7262 1509
7263 2261
7264 3017
7265 3777
7266 4541
7267 5309
7268 6081
7269 6857
7270 368
7271 1151
7272 1938
7273 2729
7274 3524
7275 4323
7276 5126
7277 5933
7278 6744
7279 281
7280 1099
7281 1921
7282 2747
7283 3577
7284 4411
7285 5249
7286 6091
7287 6937
7288 500
7289 1353
7290 2210
7291 3071
7292 3936
7293 4805
7294 5678
7295 6555
7296 141
7297 1025
7298 1913
7299 2805
7300 3701
7301 4601
7302 5505
7303 6413
7304 22
7305 937
7306 1856
7307 2779
7308 3706
7309 4637
7310 5572
7311 6511
7312 143
7313 1089
7314 2039
7315 2993
7316 3951
7317 4913
7318 5879
7319 6849
7320 504
7321 1481
7322 2462
7323 3447
7324 4436
7325 5429
7326 6426
7327 101
7328 1105
7329 2113
7330 3125
7331 4141
7332 5161
7333 6185
7334 7213
7335 911
7336 1946
7337 2985
7338 4028
7339 5075
7340 6126
7341 7181
7342 899
7343 1961
7344 3027
7345 4097
7346 5171
7347 6249
7348 7331
7349 1069
7350 2158
7351 3251
7352 4348
7353 5449
7354 6554
7355 309
7356 1421
7357 2537
7358 3657
7359 4781
7360 5909
7361 7041
7362 816
7363 1955
7364 3098
7365 4245
7366 5396
7367 6551
7368 343
7369 1505
7370 2671
7371 3841
7372 5015
7373 6193
7374 2
7375 1187
7376 2376
7377 3569
7378 4766
7379 5967
7380 7172
7381 1001
7382 2213
7383 3429
7384 4649
7385 5873
7386 7101
7387 947
7388 2182
7389 3421
7390 4664
7391 5911
7392 7162
7393 1025
7394 2283
7395 3545
7396 4811
7397 6081
7398 7355
7399 1235
7400 2516
7401 3801
7402 5090
7403 6383
7404 277
7405 1577
7406 2881
7407 4189
7408 5501
7409 6817
7410 728
7411 2051
7412 3378
7413 4709
7414 6044
7415 7383
7416 1311
7417 2657
7418 4007
7419 5361
7420 6719
7421 661
7422 2026
7423 3395
7424 4768
7425 6145
7426 101
7427 1485
7428 2873
7429 4265
7430 5661
7431 7061
7432 1034
7433 2441
7434 3852
7435 5267
7436 6686
7437 673
7438 2099
7439 3529
7440 4963
7441 6401
7442 402
7443 1847
7444 3296
7445 4749
7446 6206
7447 221
7448 1685
7449 3153
7450 4625
7451 6101
7452 130
7453 1613
7454 3100
7455 4591
7456 6086
7457 129
7458 1631
7459 3137
7460 4647
7461 6161
7462 218
7463 1739
7464 3264
7465 4793
7466 6326
7467 397
7468 1937
7469 3481
7470 5029
7471 6581
7472 666
7473 2225
7474 3788
7475 5355
7476 6926
7477 1025
7478 2603
7479 4185
7480 5771
7481 7361
7482 1474
7483 3071
7484 4672
7485 6277
7486 401
7487 2013
7488 3629
7489 5249
7490 6873
7491 1011
7492 2642
7493 4277
7494 5916
7495 65
7496 1711
7497 3361
7498 5015
7499 6673
7500 836
7501 2501
7502 4170
7503 5843
7504 17
7505 1697
7506 3381
7507 5069
7508 6761
7509 949
7510 2648
7511 4351
7512 6058
7513 257
7514 1971
7515 3689
7516 5411
7517 7137
7518 1350
7519 3083
7520 4820
7521 6561
7522 785
7523 2533
7524 4285
7525 6041
7526 276
7527 2039
7528 3806
7529 5577
7530 7352
7531 1601
7532 3383
7533 5169
7534 6959
7535 1219
7536 3016
7537 4817
7538 6622
7539 893
7540 2705
7541 4521
7542 6341
7543 623
7544 2450
7545 4281
7546 6116
7547 409
7548 2251
7549 4097
7550 5947
7551 251
7552 2108
7553 3969
7554 5834
7555 149
7556 2021
7557 3897
7558 5777
7559 103
7560 1990
7561 3881
7562 5776
7563 113
7564 2015
7565 3921
7566 5831
7567 179
7568 2096
7569 4017
7570 5942
7571 301
7572 2233
7573 4169
7574 6109
7575 479
7576 2426
7577 4377
7578 6332
7579 713
7580 2675
7581 4641
7582 6611
7583 1003
7584 2980
7585 4961
7586 6946
7587 1349
7588 3341
7589 5337
7590 7337
7591 1751
7592 3758
7593 5769
7594 191
7595 2209
7596 4231
7597 6257
7598 690
7599 2723
7600 4760
7601 6801
7602 1245
7603 3293
7604 5345
7605 7401
7606 1856
7607 3919
7608 5986
7609 449
7610 2523
7611 4601
7612 6683
7613 1157
7614 3246
7615 5339
7616 7436
7617 1921
7618 4025
7619 6133
7620 626
7621 2741
7622 4860
7623 6983
7624 1487
7625 3617
7626 5751
7627 263
7628 2404
7629 4549
7630 6698
7631 1221
7632 3377
7633 5537
7634 68
7635 2235
7636 4406
7637 6581
7638 1123
7639 3305
7640 5491
7641 41
7642 2234
7643 4431
7644 6632
7645 1193
7646 3401
7647 5613
7648 182
7649 2401
7650 4624
7651 6851
7652 1431
7653 3665
7654 5903
7655 491
7656 2736
7657 4985
7658 7238
7659 1837
7660 4097
7661 6361
7662 968
7663 3239
7664 5514
7665 129
7666 2411
7667 4697
7668 6987
7669 1613
7670 3910
7671 6211
7672 845
7673 3153
7674 5465
7675 107
7676 2426
7677 4749
7678 7076
7679 1729
7680 4063
7681 6401
7682 1062
7683 3407
7684 5756
7685 425
7686 2781
7687 5141
7688 7505
7689 2185
7690 4556
7691 6931
7692 1619
7693 4001
7694 6387
7695 1083
7696 3476
7697 5873
7698 577
7699 2981
7700 5389
7701 101
7702 2516
7703 4935
7704 7358
7705 2081
7706 4511
7707 6945
7708 1676
7709 4117
7710 6562
7711 1301
7712 3753
7713 6209
7714 956
7715 3419
7716 5886
7717 641
7718 3115
7719 5593
7720 356
7721 2841
7722 5330
7723 101
7724 2597
7725 5097
7726 7601
7727 2383
7728 4894
7729 7409
7730 2199
7731 4721
7732 7247
7733 2045
7734 4578
7735 7115
7736 1921
7737 4465
7738 7013
7739 1827
7740 4382
7741 6941
7742 1763
7743 4329
7744 6899
7745 1729
7746 4306
7747 6887
7748 1725
7749 4313
7750 6905
7751 1751
7752 4350
7753 6953
7754 1807
7755 4417
7756 7031
7757 1893
7758 4514
7759 7139
7760 2009
7761 4641
7762 7277
7763 2155
7764 4798
7765 7445
7766 2331
7767 4985
7768 7643
7769 2537
7770 5202
7771 101
7772 2773
7773 5449
7774 356
7775 3039
7776 5726
7777 641
7778 3335
7779 6033
7780 956
7781 3661
7782 6370
7783 1301
7784 4017
7785 6737
7786 1676
7787 4403
7788 7134
7789 2081
7790 4819
7791 7561
7792 2516
7793 5265
7794 225
7795 2981
7796 5741
7797 709
7798 3476
7799 6247
7800 1223
7801 4001
7802 6783
7803 1767
7804 4556
7805 7349
7806 2341
7807 5141
7808 138
7809 2945
7810 5756
7811 761
7812 3579
7813 6401
7814 1414
7815 4243
7816 7076
7817 2097
7818 4937
7819 7781
7820 2810
7821 5661
7822 695
7823 3553
7824 6415
7825 1457
7826 4326
7827 7199
7828 2249
7829 5129
7830 184
7831 3071
7832 5962
7833 1025
7834 3923
7835 6825
7836 1896
7837 4805
7838 7718
7839 2797
7840 5717
7841 801
7842 3728
7843 6659
7844 1751
7845 4689
7846 7631
7847 2731
7848 5680
7849 785
7850 3741
7851 6701
7852 1814
7853 4781
7854 7752
7855 2873
7856 5851
7857 977
7858 3962
7859 6951
7860 2085
7861 5081
7862 220
7863 3223
7864 6230
7865 1377
7866 4391
7867 7409
7868 2564
7869 5589
7870 749
7871 3781
7872 6817
7873 1985
7874 5028
7875 201
7876 3251
7877 6305
7878 1486
7879 4547
7880 7612
7881 2801
7882 5873
7883 1067
7884 4146
7885 7229
7886 2431
7887 5521
7888 728
7889 3825
7890 6926
7891 2141
7892 5249
7893 469
7894 3584
7895 6703
7896 1931
7897 5057
7898 290
7899 3423
7900 6560
7901 1801
7902 4945
7903 191
7904 3342
7905 6497
7906 1751
7907 4913
7908 172
7909 3341
7910 6514
7911 1781
7912 4961
7913 233
7914 3420
7915 6611
7916 1891
7917 5089
7918 374
7919 3579
7920 6788
7921 2081
7922 5297
7923 595
7924 3818
7925 7045
7926 2351
7927 5585
7928 896
7929 4137
7930 7382
7931 2701
7932 5953
7933 1277
7934 4536
7935 7799
7936 3131
7937 6401
7938 1738
7939 5015
7940 357
7941 3641
7942 6929
7943 2279
7944 5574
7945 929
7946 4231
7947 7537
7948 2900
7949 6213
7950 1581
7951 4901
7952 274
7953 3601
7954 6932
7955 2313
7956 5651
7957 1037
7958 4382
7959 7731
7960 3125
7961 6481
7962 1880
7963 5243
7964 647
7965 4017
7966 7391
7967 2803
7968 6184
7969 1601
7970 4989
7971 411
7972 3806
7973 7205
7974 2635
7975 6041
7976 1476
7977 4889
7978 329
7979 3749
7980 7173
7981 2621
7982 6052
7983 1505
7984 4943
7985 401
7986 3846
7987 7295
7988 2761
7989 6217
7990 1688
7991 5151
7992 627
7993 4097
7994 7571
7995 3055
7996 6536
7997 2025
7998 5513
7999 1007
8000 4502
8001 1
8002 3503
8003 7009
8004 2516
8005 6029
8006 1541
8007 5061
8008 578
8009 4105
8010 7636
8011 3161
8012 6699
8013 2229
8014 5774
8015 1309
8016 4861
8017 401
8018 3960
8019 7523
8020 3071
8021 6641
8022 2194
8023 5771
8024 1329
8025 4913
8026 476
8027 4067
8028 7662
8029 3233
8030 6835
8031 2411
8032 6020
8033 1601
8034 5217
8035 803
8036 4426
8037 17
8038 3647
8039 7281
8040 2880
8041 6521
8042 2125
8043 5773
8044 1382
8045 5037
8046 651
8047 4313
8048 7979
8049 3601
8050 7274
8051 2901
8052 6581
8053 2213
8054 5900
8055 1537
8056 5231
8057 873
8058 4574
8059 221
8060 3929
8061 7641
8062 3296
8063 7015
8064 2675
8065 6401
8066 2066
8067 5799
8068 1469
8069 5209
8070 884
8071 4631
8072 311
8073 4065
8074 7823
8075 3511
8076 7276
8077 2969
8078 6741
8079 2439
8080 6218
8081 1921
8082 5707
8083 1415
8084 5208
8085 921
8086 4721
8087 439
8088 4246
8089 8057
8090 3783
8091 7601
8092 3332
8093 7157
8094 2893
8095 6725
8096 2466
8097 6305
8098 2051
8099 5897
8100 1648
8101 5501
8102 1257
8103 5117
8104 878
8105 4745
8106 511
8107 4385
8108 156
8109 4037
8110 7922
8111 3701
8112 7593
8113 3377
8114 7276
8115 3065
8116 6971
8117 2765
8118 6678
8119 2477
8120 6397
8121 2201
8122 6128
8123 1937
8124 5871
8125 1685
8126 5626
8127 1445
8128 5393
8129 1217
8130 5172
8131 1001
8132 4963
8133 797
8134 4766
8135 605
8136 4581
8137 425
8138 4408
8139 257
8140 4247
8141 101
8142 4098
8143 8099
8144 3961
8145 7969
8146 3836
8147 7851
8148 3723
8149 7745
8150 3622
8151 7651
8152 3533
8153 7569
8154 3456
8155 7499
8156 3391
8157 7441
8158 3338
8159 7395
8160 3297
8161 7361
8162 3268
8163 7339
8164 3251
8165 7329
8166 3246
8167 7331
8168 3253
8169 7345
8170 3272
8171 7371
8172 3303
8173 7409
8174 3346
8175 7459
8176 3401
8177 7521
8178 3468
8179 7595
8180 3547
8181 7681
8182 3638
8183 7779
8184 3741
8185 7889
8186 3856
8187 8011
8188 3983
8189 8145
8190 4122
8191 101
8192 4273
8193 257
8194 4436
8195 425
8196 4611
8197 605
8198 4798
8199 797
8200 4997
8201 1001
8202 5208
8203 1217
8204 5431
8205 1445
8206 5666
8207 1685
8208 5913
8209 1937
8210 6172
8211 2201
8212 6443
8213 2477
8214 6726
8215 2765
8216 7021
8217 3065
8218 7328
8219 3377
8220 7647
8221 3701
8222 7978
8223 4037
8224 98
8225 4385
8226 451
8227 4745
8228 816
8229 5117
8230 1193
8231 5501
8232 1582
8233 5897
8234 1983
8235 6305
8236 2396
8237 6725
8238 2821
8239 7157
8240 3258
8241 7601
8242 3707
8243 8057
8244 4168
8245 281
8246 4641
8247 759
8248 5126
8249 1249
8250 5623
8251 1751
8252 6132
8253 2265
8254 6653
8255 2791
8256 7186
8257 3329
8258 7731
8259 3879
8260 29
8261 4441
8262 596
8263 5015
8264 1175
8265 5601
8266 1766
8267 6199
8268 2369
8269 6809
8270 2984
8271 7431
8272 3611
8273 8065
8274 4250
8275 437
8276 4901
8277 1093
8278 5564
8279 1761
8280 6239
8281 2441
8282 6926
8283 3133
8284 7625
8285 3837
8286 51
8287 4553
8288 772
8289 5281
8290 1505
8291 6021
8292 2250
8293 6773
8294 3007
8295 7537
8296 3776
8297 17
8298 4557
8299 803
8300 5350
8301 1601
8302 6155
8303 2411
8304 6972
8305 3233
8306 7801
8307 4067
8308 335
8309 4913
8310 1186
8311 5771
8312 2049
8313 6641
8314 2924
8315 7523
8316 3811
8317 101
8318 4710
8319 1005
8320 5621
8321 1921
8322 6544
8323 2849
8324 7479
8325 3789
8326 101
8327 4741
8328 1058
8329 5705
8330 2027
8331 6681
8332 3008
8333 7669
8334 4001
8335 335
8336 5006
8337 1345
8338 6023
8339 2367
8340 7052
8341 3401
8342 8093
8343 4447
8344 803
8345 5505
8346 1866
8347 6575
8348 2941
8349 7657
8350 4028
8351 401
8352 5127
8353 1505
8354 6238
8355 2621
8356 7361
8357 3749
8358 139
8359 4889
8360 1284
8361 6041
8362 2441
8363 7205
8364 3610
8365 17
8366 4791
8367 1203
8368 5984
8369 2401
8370 7189
8371 3611
8372 35
8373 4833
8374 1262
8375 6067
8376 2501
8377 7313
8378 3752
8379 193
8380 5015
8381 1461
8382 6290
8383 2741
8384 7577
8385 4033
8386 491
8387 5337
8388 1800
8389 6653
8390 3121
8391 7981
8392 4454
8393 929
8394 5799
8395 2279
8396 7156
8397 3641
8398 128
8399 5015
8400 1507
8401 6401
8402 2898
8403 7799
8404 4301
8405 805
8406 5716
8407 2225
8408 7143
8409 3657
8410 173
8411 5101
8412 1622
8413 6557
8414 3083
8415 8025
8416 4556
8417 1089
8418 6041
8419 2579
8420 7538
8421 4081
8422 626
8423 5595
8424 2145
8425 7121
8426 3676
8427 233
8428 5219
8429 1781
8430 6774
8431 3341
8432 8341
8433 4913
8434 1487
8435 6497
8436 3076
8437 8093
8438 4677
8439 1263
8440 6290
8441 2881
8442 7915
8443 4511
8444 1109
8445 6153
8446 2756
8447 7807
8448 4415
8449 1025
8450 6086
8451 2701
8452 7769
8453 4389
8454 1011
8455 6089
8456 2716
8457 7801
8458 4433
8459 1067
8460 6162
8461 2801
8462 7903
8463 4547
8464 1193
8465 6305
8466 2956
8467 8075
8468 4731
8469 1389
8470 6518
8471 3181
8472 8317
8473 4985
8474 1655
8475 6801
8476 3476
8477 153
8478 5309
8479 1991
8480 7154
8481 3841
8482 530
8483 5703
8484 2397
8485 7577
8486 4276
8487 977
8488 6167
8489 2873
8490 8070
8491 4781
8492 1494
8493 6701
8494 3419
8495 139
8496 5356
8497 2081
8498 7305
8499 4035
8500 767
8501 6001
8502 2738
8503 7979
8504 4721
8505 1465
8506 6716
8507 3465
8508 216
8509 5477
8510 2233
8511 7501
8512 4262
8513 1025
8514 6303
8515 3071
8516 8356
8517 5129
8518 1904
8519 7199
8520 3979
8521 761
8522 6066
8523 2853
8524 8165
8525 4957
8526 1751
8527 7073
8528 3872
8529 673
8530 6005
8531 2811
8532 8150
8533 4961
8534 1774
8535 7123
8536 3941
8537 761
8538 6120
8539 2945
8540 8311
8541 5141
8542 1973
8543 7349
8544 4186
8545 1025
8546 6411
8547 3255
8548 101
8549 5497
8550 2348
8551 7751
8552 4607
8553 1465
8554 6878
8555 3741
8556 606
8557 6029
8558 2899
8559 8329
8560 5204
8561 2081
8562 7521
8563 4403
8564 1287
8565 6737
8566 3626
8567 517
8568 5977
8569 2873
8570 8340
8571 5241
8572 2144
8573 7621
8574 4529
8575 1439
8576 6926
8577 3841
8578 758
8579 6255
8580 3177
8581 101
8582 5608
8583 2537
8584 8051
8585 4985
8586 1921
8587 7445
8588 4386
8589 1329
8590 6863
8591 3811
8592 761
8593 6305
8594 3260
8595 217
8596 5771
8597 2733
8598 8294
8599 5261
8600 2230
8601 7801
8602 4775
8603 1751
8604 7332
8605 4313
8606 1296
8607 6887
8608 3875
8609 865
8610 6466
8611 3461
8612 458
8613 6069
8614 3071
8615 75
8616 5696
8617 2705
8618 8333
8619 5347
8620 2363
8621 8001
8622 5022
8623 2045
8624 7693
8625 4721
8626 1751
8627 7409
8628 4444
8629 1481
8630 7149
8631 4191
8632 1235
8633 6913
8634 3962
8635 1013
8636 6701
8637 3757
8638 815
8639 6513
8640 3576
8641 641
8642 6349
8643 3419
8644 491
8645 6209
8646 3286
8647 365
8648 6093
8649 3177
8650 263
8651 6001
8652 3092
8653 185
8654 5933
8655 3031
8656 131
8657 5889
8658 2994
8659 101
8660 5869
8661 2981
8662 95
8663 5873
8664 2992
8665 113
8666 5901
8667 3027
8668 155
8669 5953
8670 3086
8671 221
8672 6029
8673 3169
8674 311
8675 6129
8676 3276
8677 425
8678 6253
8679 3407
8680 563
8681 6401
8682 3562
8683 725
8684 6573
8685 3741
8686 911
8687 6769
8688 3944
8689 1121
8690 6989
8691 4171
8692 1355
8693 7233
8694 4422
8695 1613
8696 7501
8697 4697
8698 1895
8699 7793
8700 4996
8701 2201
8702 8109
8703 5319
8704 2531
8705 8449
8706 5666
8707 2885
8708 106
8709 6037
8710 3263
8711 491
8712 6432
8713 3665
8714 900
8715 6851
8716 4091
8717 1333
8718 7294
8719 4541
8720 1790
8721 7761
8722 5015
8723 2271
8724 8252
8725 5513
8726 2776
8727 41
8728 6035
8729 3305
8730 577
8731 6581
8732 3858
8733 1137
8734 7151
8735 4435
8736 1721
8737 7745
8738 5036
8739 2329
8740 8363
8741 5661
8742 2961
8743 263
8744 6310
8745 3617
8746 926
8747 6983
8748 4297
8749 1613
8750 7680
8751 5001
8752 2324
8753 8401
8754 5729
8755 3059
8756 391
8757 6481
8758 3818
8759 1157
8760 7257
8761 4601
8762 1947
8763 8057
8764 5408
8765 2761
8766 116
8767 6239
8768 3599
8769 961
8770 7094
8771 4461
8772 1830
8773 7973
8774 5347
8775 2723
8776 101
8777 6257
8778 3640
8779 1025
8780 7191
8781 4581
8782 1973
8783 8149
8784 5546
8785 2945
8786 346
8787 6535
8788 3941
8789 1349
8790 7548
8791 4961
8792 2376
8793 8585
8794 6005
8795 3427
8796 851
8797 7073
8798 4502
8799 1933
8800 8165
8801 5601
8802 3039
8803 479
8804 6724
8805 4169
8806 1616
8807 7871
8808 5323
8809 2777
8810 233
8811 6501
8812 3962
8813 1425
8814 7703
8815 5171
8816 2641
8817 113
8818 6404
8819 3881
8820 1360
8821 7661
8822 5145
8823 2631
8824 119
8825 6433
8826 3926
8827 1421
8828 7745
8829 5245
8830 2747
8831 251
8832 6588
8833 4097
8834 1608
8835 7955
8836 5471
8837 2989
8838 509
8839 6869
8840 4394
8841 1921
8842 8291
8843 5823
8844 3357
8845 893
8846 7276
8847 4817
8848 2360
8849 8753
8850 6301
8851 3851
8852 1403
8853 7809
8854 5366
8855 2925
8856 486
8857 6905
8858 4471
8859 2039
8860 8468
8861 6041
8862 3616
8863 1193
8864 7635
8865 5217
8866 2801
8867 387
8868 6842
8869 4433
8870 2026
8871 8491
8872 6089
8873 3689
8874 1291
8875 7769
8876 5376
8877 2985
8878 596
8879 7087
8880 4703
8881 2321
8882 8822
8883 6445
8884 4070
8885 1697
8886 8211
8887 5843
8888 3477
8889 1113
8890 7640
8891 5281
8892 2924
8893 569
8894 7109
8895 4759
8896 2411
8897 65
8898 6618
8899 4277
8900 1938
8901 8501
8902 6167
8903 3835
8904 1505
8905 8081
8906 5756
8907 3433
8908 1112
8909 7701
8910 5385
8911 3071
8912 759
8913 7361
8914 5054
8915 2749
8916 446
8917 7061
8918 4763
8919 2467
8920 173
8921 6801
8922 4512
8923 2225
8924 8863
8925 6581
8926 4301
8927 2023
8928 8674
8929 6401
8930 4130
8931 1861
8932 8525
8933 6261
8934 3999
8935 1739
8936 8416
8937 6161
8938 3908
8939 1657
8940 8347
8941 6101
8942 3857
8943 1615
8944 8318
8945 6081
8946 3846
8947 1613
8948 8329
8949 6101
8950 3875
8951 1651
8952 8380
8953 6161
8954 3944
8955 1729
8956 8471
8957 6261
8958 4053
8959 1847
8960 8602
8961 6401
8962 4202
8963 2005
8964 8773
8965 6581
8966 4391
8967 2203
8968 17
8969 6801
8970 4620
8971 2441
8972 264
8973 7061
8974 4889
8975 2719
8976 551
8977 7361
8978 5198
8979 3037
8980 878
8981 7701
8982 5547
8983 3395
8984 1245
8985 8081
8986 5936
8987 3793
8988 1652
8989 8501
8990 6365
8991 4231
8992 2099
8993 8961
8994 6834
8995 4709
8996 2586
8997 465
8998 7343
8999 5227
9000 3113
9001 1001
9002 7892
9003 5785
9004 3680
9005 1577
9006 8481
9007 6383
9008 4287
9009 2193
9010 101
9011 7021
9012 4934
9013 2849
9014 766
9015 7699
9016 5621
9017 3545
9018 1471
9019 8417
9020 6348
9021 4281
9022 2216
9023 153
9024 7115
9025 5057
9026 3001
9027 947
9028 7922
9029 5873
9030 3826
9031 1781
9032 8769
9033 6729
9034 4691
9035 2655
9036 621
9037 7625
9038 5596
9039 3569
9040 1544
9041 8561
9042 6541
9043 4523
9044 2507
9045 493
9046 7526
9047 5517
9048 3510
9049 1505
9050 8551
9051 6551
9052 4553
9053 2557
9054 563
9055 7625
9056 5636
9057 3649
9058 1664
9059 8739
9060 6759
9061 4781
9062 2805
9063 831
9064 7922
9065 5953
9066 3986
9067 2021
9068 58
9069 7165
9070 5207
9071 3251
9072 1297
9073 8417
9074 6468
9075 4521
9076 2576
9077 633
9078 7769
9079 5831
9080 3895
9081 1961
9082 29
9083 7181
9084 5254
9085 3329
9086 1406
9087 8571
9088 6653
9089 4737
9090 2823
9091 911
9092 8092
9093 6185
9094 4280
9095 2377
9096 476
9097 7673
9098 5777
9099 3883
9100 1991
9101 101
9102 7314
9103 5429
9104 3546
9105 1665
9106 8891
9107 7015
9108 5141
9109 3269
9110 1399
9111 8641
9112 6776
9113 4913
9114 3052
9115 1193
9116 8451
9117 6597
9118 4745
9119 2895
9120 1047
9121 8321
9122 6478
9123 4637
9124 2798
9125 961
9126 8251
9127 6419
9128 4589
9129 2761
9130 935
9131 8241
9132 6420
9133 4601
9134 2784
9135 969
9136 8291
9137 6481
9138 4673
9139 2867
9140 1063
9141 8401
9142 6602
9143 4805
9144 3010
9145 1217
9146 8571
9147 6783
9148 4997
9149 3213
9150 1431
9151 8801
9152 7024
9153 5249
9154 3476
9155 1705
9156 9091
9157 7325
9158 5561
9159 3799
9160 2039
9161 281
9162 7686
9163 5933
9164 4182
9165 2433
9166 686
9167 8107
9168 6365
9169 4625
9170 2887
9171 1151
9172 8588
9173 6857
9174 5128
9175 3401
9176 1676
9177 9129
9178 7409
9179 5691
9180 3975
9181 2261
9182 549
9183 8021
9184 6314
9185 4609
9186 2906
9187 1205
9188 8693
9189 6997
9190 5303
9191 3611
9192 1921
9193 233
9194 7740
9195 6057
9196 4376
9197 2697
9198 1020
9199 8543
9200 6871
9201 5201
9202 3533
9203 1867
9204 203
9205 7745
9206 6086
9207 4429
9208 2774
9209 1121
9210 8679
9211 7031
9212 5385
9213 3741
9214 2099
9215 459
9216 8036
9217 6401
9218 4768
9219 3137
9220 1508
9221 9101
9222 7477
9223 5855
9224 4235
9225 2617
9226 1001
9227 8613
9228 7002
9229 5393
9230 3786
9231 2181
9232 578
9233 8209
9234 6611
9235 5015
9236 3421
9237 1829
9238 239
9239 7889
9240 6304
9241 4721
9242 3140
9243 1561
9244 9227
9245 7653
9246 6081
9247 4511
9248 2943
9249 1377
9250 9062
9251 7501
9252 5942
9253 4385
9254 2830
9255 1277
9256 8981
9257 7433
9258 5887
9259 4343
9260 2801
9261 1261
9262 8984
9263 7449
9264 5916
9265 4385
9266 2856
9267 1329
9268 9071
9269 7549
9270 6029
9271 4511
9272 2995
9273 1481
9274 9242
9275 7733
9276 6226
9277 4721
9278 3218
9279 1717
9280 218
9281 8001
9282 6507
9283 5015
9284 3525
9285 2037
9286 551
9287 8353
9288 6872
9289 5393
9290 3916
9291 2441
9292 968
9293 8789
9294 7321
9295 5855
9296 4391
9297 2929
9298 1469
9299 11
9300 7854
9301 6401
9302 4950
9303 3501
9304 2054
9305 609
9306 8471
9307 7031
9308 5593
9309 4157
9310 2723
9311 1291
9312 9172
9313 7745
9314 6320
9315 4897
9316 3476
9317 2057
9318 640
9319 8543
9320 7131
9321 5721
9322 4313
9323 2907
9324 1503
9325 101
9326 8026
9327 6629
9328 5234
9329 3841
9330 2450
9331 1061
9332 9005
9333 7621
9334 6239
9335 4859
9336 3481
9337 2105
9338 731
9339 8697
9340 7328
9341 5961
9342 4596
9343 3233
9344 1872
9345 513
9346 8501
9347 7147
9348 5795
9349 4445
9350 3097
9351 1751
9352 407
9353 8417
9354 7078
9355 5741
9356 4406
9357 3073
9358 1742
9359 413
9360 8445
9361 7121
9362 5799
9363 4479
9364 3161
9365 1845
9366 531
9367 8585
9368 7276
9369 5969
9370 4664
9371 3361
9372 2060
9373 761
9374 8837
9375 7543
9376 6251
9377 4961
9378 3673
9379 2387
9380 1103
9381 9201
9382 7922
9383 6645
9384 5370
9385 4097
9386 2826
9387 1557
9388 290
9389 8413
9390 7151
9391 5891
9392 4633
9393 3377
9394 2123
9395 871
9396 9016
9397 7769
9398 6524
9399 5281
9400 4040
9401 2801
9402 1564
9403 329
9404 8499
9405 7269
9406 6041
9407 4815
9408 3591
9409 2369
9410 1149
9411 9341
9412 8126
9413 6913
9414 5702
9415 4493
9416 3286
9417 2081
9418 878
9419 9095
9420 7897
9421 6701
9422 5507
9423 4315
9424 3125
9425 1937
9426 751
9427 8993
9428 7812
9429 6633
9430 5456
9431 4281
9432 3108
9433 1937
9434 768
9435 9035
9436 7871
9437 6709
9438 5549
9439 4391
9440 3235
9441 2081
9442 929
9443 9221
9444 8074
9445 6929
9446 5786
9447 4645
9448 3506
9449 2369
9450 1234
9451 101
9452 8421
9453 7293
9454 6167
9455 5043
9456 3921
9457 2801
9458 1683
9459 567
9460 8912
9461 7801
9462 6692
9463 5585
9464 4480
9465 3377
9466 2276
9467 1177
9468 80
9469 8453
9470 7361
9471 6271
9472 5183
9473 4097
9474 3013
9475 1931
9476 851
9477 9249
9478 8174
9479 7101
9480 6030
9481 4961
9482 3894
9483 2829
9484 1766
9485 705
9486 9131
9487 8075
9488 7021
9489 5969
9490 4919
9491 3871
9492 2825
9493 1781
9494 739
9495 9193
9496 8156
9497 7121
9498 6088
9499 5057
9500 4028
9501 3001
9502 1976
9503 953
9504 9435
9505 8417
9506 7401
9507 6387
9508 5375
9509 4365
9510 3357
9511 2351
9512 1347
9513 345
9514 8858
9515 7861
9516 6866
9517 5873
9518 4882
9519 3893
9520 2906
9521 1921
9522 938
9523 9479
9524 8501
9525 7525
9526 6551
9527 5579
9528 4609
9529 3641
9530 2675
9531 1711
9532 749
9533 9321
9534 8364
9535 7409
9536 6456
9537 5505
9538 4556
9539 3609
9540 2664
9541 1721
9542 780
9543 9383
9544 8447
9545 7513
9546 6581
9547 5651
9548 4723
9549 3797
9550 2873
9551 1951
9552 1031
9553 113
9554 8750
9555 7837
9556 6926
9557 6017
9558 5110
9559 4205
9560 3302
9561 2401
9562 1502
9563 605
9564 9273
9565 8381
9566 7491
9567 6603
9568 5717
9569 4833
9570 3951
9571 3071
9572 2193
9573 1317
9574 443
9575 9145
9576 8276
9577 7409
9578 6544
9579 5681
9580 4820
9581 3961
9582 3104
9583 2249
9584 1396
9585 545
9586 9281
9587 8435
9588 7591
9589 6749
9590 5909
9591 5071
9592 4235
9593 3401
9594 2569
9595 1739
9596 911
9597 85
9598 8858
9599 8037
9600 7218
9601 6401
9602 5586
9603 4773
9604 3962
9605 3153
9606 2346
9607 1541
9608 738
9609 9545
9610 8747
9611 7951
9612 7157
9613 6365
9614 5575
9615 4787
9616 4001
9617 3217
9618 2435
9619 1655
9620 877
9621 101
9622 8948
9623 8177
9624 7408
9625 6641
9626 5876
9627 5113
9628 4352
9629 3593
9630 2836
9631 2081
9632 1328
9633 577
9634 9461
9635 8715
9636 7971
9637 7229
9638 6489
9639 5751
9640 5015
9641 4281
9642 3549
9643 2819
9644 2091
9645 1365
9646 641
9647 9565
9648 8846
9649 8129
9650 7414
9651 6701
9652 5990
9653 5281
9654 4574
9655 3869
9656 3166
9657 2465
9658 1766
9659 1069
9660 374
9661 9341
9662 8651
9663 7963
9664 7277
9665 6593
9666 5911
9667 5231
9668 4553
9669 3877
9670 3203
9671 2531
9672 1861
9673 1193
9674 527
9675 9537
9676 8876
9677 8217
9678 7560
9679 6905
9680 6252
9681 5601
9682 4952
9683 4305
9684 3660
9685 3017
9686 2376
9687 1737
9688 1100
9689 465
9690 9521
9691 8891
9692 8263
9693 7637
9694 7013
9695 6391
9696 5771
9697 5153
9698 4537
9699 3923
9700 3311
9701 2701
9702 2093
9703 1487
9704 883
9705 281
9706 9386
9707 8789
9708 8194
9709 7601
9710 7010
9711 6421
9712 5834
9713 5249
9714 4666
9715 4085
9716 3506
9717 2929
9718 2354
9719 1781
9720 1210
9721 641
9722 74
9723 9231
9724 8669
9725 8109
9726 7551
9727 6995
9728 6441
9729 5889
9730 5339
9731 4791
9732 4245
9733 3701
9734 3159
9735 2619
9736 2081
9737 1545
9738 1011
9739 479
9740 9688
9741 9161
9742 8636
9743 8113
9744 7592
9745 7073
9746 6556
9747 6041
9748 5528
9749 5017
9750 4508
9751 4001
9752 3496
9753 2993
9754 2492
9755 1993
9756 1496
9757 1001
9758 508
9759 17
9760 9287
9761 8801
9762 8317
9763 7835
9764 7355
9765 6877
9766 6401
9767 5927
9768 5455
9769 4985
9770 4517
9771 4051
9772 3587
9773 3125
9774 2665
9775 2207
9776 1751
9777 1297
9778 845
9779 395
9780 9726
9781 9281
9782 8838
9783 8397
9784 7958
9785 7521
9786 7086
9787 6653
9788 6222
9789 5793
9790 5366
9791 4941
9792 4518
9793 4097
9794 3678
9795 3261
9796 2846
9797 2433
9798 2022
9799 1613
9800 1206
9801 801
9802 398
9803 9799
9804 9401
9805 9005
9806 8611
9807 8219
9808 7829
9809 7441
9810 7055
9811 6671
9812 6289
9813 5909
9814 5531
9815 5155
9816 4781
9817 4409
9818 4039
9819 3671
9820 3305
9821 2941
9822 2579
9823 2219
9824 1861
9825 1505
9826 1151
9827 799
9828 449
9829 101
9830 9584
9831 9241
9832 8900
9833 8561
9834 8224
9835 7889
9836 7556
9837 7225
9838 6896
9839 6569
9840 6244
9841 5921
9842 5600
9843 5281
9844 4964
9845 4649
9846 4336
9847 4025
9848 3716
9849 3409
9850 3104
9851 2801
9852 2500
9853 2201
9854 1904
9855 1609
9856 1316
9857 1025
9858 736
9859 449
9860 164
9861 9741
9862 9461
9863 9183
9864 8907
9865 8633
9866 8361
9867 8091
9868 7823
9869 7557
9870 7293
9871 7031
9872 6771
9873 6513
9874 6257
9875 6003
9876 5751
9877 5501
9878 5253
9879 5007
9880 4763
9881 4521
9882 4281
9883 4043
9884 3807
9885 3573
9886 3341
9887 3111
9888 2883
9889 2657
9890 2433
9891 2211
9892 1991
9893 1773
9894 1557
9895 1343
9896 1131
9897 921
9898 713
9899 507
9900 303
9901 101
9902 9802
9903 9605
9904 9410
9905 9217
9906 9026
9907 8837
9908 8650
9909 8465
9910 8282
9911 8101
9912 7922
9913 7745
9914 7570
9915 7397
9916 7226
9917 7057
9918 6890
9919 6725
9920 6562
9921 6401
9922 6242
9923 6085
9924 5930
9925 5777
9926 5626
9927 5477
9928 5330
9929 5185
9930 5042
9931 4901
9932 4762
9933 4625
9934 4490
9935 4357
9936 4226
9937 4097
9938 3970
9939 3845
9940 3722
9941 3601
9942 3482
9943 3365
9944 3250
9945 3137
9946 3026
9947 2917
9948 2810
9949 2705
9950 2602
9951 2501
9952 2402
9953 2305
9954 2210
9955 2117
9956 2026
9957 1937
9958 1850
9959 1765
9960 1682
9961 1601
9962 1522
9963 1445
9964 1370
9965 1297
9966 1226
9967 1157
9968 1090
9969 1025
9970 962
9971 901
9972 842
9973 785
9974 730
9975 677
9976 626
9977 577
9978 530
9979 485
9980 442
9981 401
9982 362
9983 325
9984 290
9985 257
9986 226
9987 197
9988 170
9989 145
9990 122
9991 101
9992 82
9993 65
9994 50
9995 37
9996 26
9997 17
9998 10
9999 5
10000 2
10000 5
